33
5.488334069844761 4.460061868592407 12.899588652079998 12.410316784081104
12.899588652079998 12.410316784081104 21.388843900822177 21.70807253270348
21.388843900822177 21.70807253270348 30.012849232877723 31.949078864519425
30.012849232877723 31.949078864519425 37.289353731799594 44.885086862602726
37.289353731799594 44.885086862602726 42.00560664776747 55.53034344435878
42.00560664776747 55.53034344435878 45.77860898054177 65.36709952623463
45.77860898054177 65.36709952623463 51.16861231307649 78.0336073576912
51.16861231307649 78.0336073576912 61.409618644892454 90.29586493920766
61.409618644892454 90.29586493920766 73.26762597646884 79.2463581075115
73.26762597646884 79.2463581075115 80 70
80 70 85.66463364129869 57.82109486068603
85.66463364129869 57.82109486068603 90.51563664057993 44.61558669597599
90.51563664057993 44.61558669597599 95.50138972317455 33.2965796976531
95.50138972317455 33.2965796976531 100.35239272245579 26.020075198731245
100.35239272245579 26.020075198731245 110 10
110 10 114.77065163698616 4.325311785279039
114.77065163698616 4.325311785279039 99.27439205594885 4.594811951905775
99.27439205594885 4.594811951905775 93.74963864010077 15.10531845034846
93.74963864010077 15.10531845034846 89.97663630732646 23.45982361577726
89.97663630732646 23.45982361577726 84.45188289147838 33.56607986427984
84.45188289147838 33.56607986427984 81.35263097527091 40.4383341132616
81.35263097527091 40.4383341132616 65.72162131092023 37.87808253030761
65.72162131092023 37.87808253030761 47.530360063615554 40.03408386332149
47.530360063615554 40.03408386332149 41.466606314513996 31.544828614579323
41.466606314513996 31.544828614579323 33.920601648965395 20.495321782883167
33.920601648965395 20.495321782883167 26.644097150043525 11.871316450827633
26.644097150043525 11.871316450827633 19.09809248449492 4.460061868592407
19.09809248449492 4.460061868592407 5.488334069844761 4.460061868592407
45.77860898054177 65.36709952623463 61.27486856157908 73.8563547749768
61.27486856157908 73.8563547749768 80 70
80 70 78.11862897575008 50.40984027845081
78.11862897575008 50.40984027845081 51.43811247970323 50.27509019513744
51.43811247970323 50.27509019513744 45.77860898054177 65.36709952623463
