84
5.488334069844761 4.460061868592407 12.899588652079998 12.410316784081104
12.899588652079998 12.410316784081104 21.388843900822177 21.70807253270348
21.388843900822177 21.70807253270348 30.012849232877723 31.949078864519425
30.012849232877723 31.949078864519425 37.289353731799594 44.885086862602726
37.289353731799594 44.885086862602726 42.00560664776747 55.53034344435878
42.00560664776747 55.53034344435878 45.77860898054177 65.36709952623463
45.77860898054177 65.36709952623463 51.16861231307649 78.0336073576912
51.16861231307649 78.0336073576912 61.409618644892454 90.29586493920766
61.409618644892454 90.29586493920766 73.26762597646884 79.2463581075115
73.26762597646884 79.2463581075115 80 70
80 70 85.66463364129869 57.82109486068603
85.66463364129869 57.82109486068603 90.51563664057993 44.61558669597599
90.51563664057993 44.61558669597599 95.50138972317455 33.2965796976531
95.50138972317455 33.2965796976531 100.35239272245579 26.020075198731245
100.35239272245579 26.020075198731245 110 10
110 10 114.77065163698616 4.325311785279039
114.77065163698616 4.325311785279039 99.27439205594885 4.594811951905775
99.27439205594885 4.594811951905775 93.74963864010077 15.10531845034846
93.74963864010077 15.10531845034846 89.97663630732646 23.45982361577726
89.97663630732646 23.45982361577726 84.45188289147838 33.56607986427984
84.45188289147838 33.56607986427984 81.35263097527091 40.4383341132616
81.35263097527091 40.4383341132616 65.72162131092023 37.87808253030761
65.72162131092023 37.87808253030761 47.530360063615554 40.03408386332149
47.530360063615554 40.03408386332149 41.466606314513996 31.544828614579323
41.466606314513996 31.544828614579323 33.920601648965395 20.495321782883167
33.920601648965395 20.495321782883167 26.644097150043525 11.871316450827633
26.644097150043525 11.871316450827633 19.09809248449492 4.460061868592407
19.09809248449492 4.460061868592407 5.488334069844761 4.460061868592407
45.77860898054177 65.36709952623463 61.27486856157908 73.8563547749768
61.27486856157908 73.8563547749768 80 70
80 70 78.11862897575008 50.40984027845081
78.11862897575008 50.40984027845081 51.43811247970323 50.27509019513744
51.43811247970323 50.27509019513744 45.77860898054177 65.36709952623463
30.012849232877723 31.949078864519425 47.530360063615554 40.03408386332149
85.66463364129869 57.82109486068603 81.35263097527091 40.4383341132616
61.409618644892454 90.29586493920766 145.91894724209556 90.49623672553864
145.91894724209556 90.49623672553864 158.6943137775086 82.53477642086098
158.6943137775086 82.53477642086098 164.61912144610594 72.16636300081565
164.61912144610594 72.16636300081565 164.24882096681858 63.46430173756332
164.24882096681858 63.46430173756332 159.24976449643958 57.16919358967865
159.24976449643958 57.16919358967865 144.99319604387722 54.02163951573632
144.99319604387722 54.02163951573632 158.5091635378649 49.94833424357565
158.5091635378649 49.94833424357565 165.73002288396793 43.65322609569099
165.73002288396793 43.65322609569099 164.98942192539326 37.35811794780632
164.98942192539326 37.35811794780632 163.50822000824394 27.915455725979328
163.50822000824394 27.915455725979328 158.13886305857758 18.843093983439662
158.13886305857758 18.843093983439662 151.2883041917619 13.844037513060664
151.2883041917619 13.844037513060664 140.54959029242923 8.659830803037998
140.54959029242923 8.659830803037998 132.95843046703888 6.252877687670333
132.95843046703888 6.252877687670333 119.07216249376384 4.771675770521
116.48005913875251 79.01692186763131 73.26762597646884 79.2463581075115
116.48005913875251 79.01692186763131 132.03267926882054 79.01692186763131
132.03267926882054 79.01692186763131 146.8446984403139 77.72087019012565
146.8446984403139 77.72087019012565 151.2883041917619 72.16636300081565
151.2883041917619 72.16636300081565 151.2883041917619 65.68610461328731
151.2883041917619 65.68610461328731 132.7732802273952 60.872198382551986
132.7732802273952 60.872198382551986 125.73757112093585 51.79983664001232
125.73757112093585 51.79983664001232 129.62572615345286 45.68987873177132
129.62572615345286 45.68987873177132 147.77044963853223 44.39382705426566
147.77044963853223 44.39382705426566 151.65860467104923 36.80266722887532
151.65860467104923 36.80266722887532 147.21499891960124 26.434253808829993
147.21499891960124 26.434253808829993 139.80898933385456 21.990648057381996
139.80898933385456 21.990648057381996 126.10787160022319 18.287643264508663
126.10787160022319 18.287643264508663 120.55336441091318 18.102493024864994
120.55336441091318 18.102493024864994 119.07216249376384 4.771675770521
61.409618644892454 90.29586493920766 22.82899406762546 89.76307397872554
22.82899406762546 89.76307397872554 53.50950139148632 88.55991682877023
53.50950139148632 88.55991682877023 60 80
60 80 69.75212291588323 65.6999309796191
69.75212291588323 65.6999309796191 69.45133362839441 56.074673779976514
69.45133362839441 56.074673779976514 66.14265146601726 38.62889510562434
66.14265146601726 38.62889510562434 58.32212999130763 27.499691468537605
58.32212999130763 27.499691468537605 49.5992406541315 14.565752106517886
49.5992406541315 14.565752106517886 33.95819770471224 4.338916331897643
33.95819770471224 4.338916331897643 7.7895296931838605 4.038127044408813
7.7895296931838605 4.038127044408813 2.323307875177698 6.415492272745997
2.323307875177698 6.415492272745997 4.8932564235431695 14.396070980050485
4.8932564235431695 14.396070980050485 14.798336373805876 13.614090983977118
14.798336373805876 13.614090983977118 31.741236288728924 15.96003097219722
31.741236288728924 15.96003097219722 46.07753621674073 32.12095089104681
46.07753621674073 32.12095089104681 55.98261616700344 51.40979079418987
55.98261616700344 51.40979079418987 52.59403618401883 66.78873071696609
52.59403618401883 66.78873071696609 40 80
40 80 51.16861231307649 78.0336073576912
