81
0.58 0.54 1.74 1.58
1.74 1.58 3 2.42
3 2.42 4.24 2.6
4.24 2.6 6.94 2.66
6.94 2.66 8.82 2.82
8.82 2.82 12.04 2.84
12.04 2.84 14.22 2.72
14.22 2.72 16.96 1.64
16.96 1.64 19.36 1.84
19.36 1.84 20.68 3.1
20.68 3.1 21.6 0.82
21.6 0.82 21.52 0.34
21.52 0.34 0.58 0.54
0.58 0.54 0.56 12.88
0.56 12.88 22 13
22 13 21.98 0.36
21.98 0.36 21.52 0.34
1.74 1.58 1.68 4.64
1.68 4.64 2.12 4.6
2.12 4.6 2.08 2.28
2.08 2.28 2.38 2.52
2.38 2.52 2.46 4.6
2.46 4.6 2.8 4.58
2.8 4.58 2.86 2.78
2.86 2.78 3.34 2.88
3.34 2.88 3.3 4.96
3.3 4.96 3.68 4.98
3.68 4.98 3.78 3.08
3.78 3.08 4.24 2.6
4.24 2.6 4.66 2.84
4.66 2.84 4.68 5.78
4.68 5.78 5.84 7.3
5.84 7.3 9.92 7.42
9.92 7.42 9.14 5.88
9.14 5.88 4.68 5.78
9.14 5.88 8.82 2.82
9.92 7.42 11 6
9.14 5.88 11 6
11 6 10.8 3.08
10.8 3.08 12.04 2.84
12.04 2.84 12 5
12 5 12.56 5
12.56 5 12.56 3.24
12.56 3.24 12.96 3.3
12.96 3.3 13 5
13 5 13.44 5.06
13.44 5.06 13.44 3.32
13.44 3.32 13.88 3.24
13.88 3.24 13.8 5
13.8 5 14.26 5
14.26 5 14.22 2.72
22 13 18.48 12.78
18.48 12.78 20.8 12.68
20.8 12.68 18.72 12.04
18.72 12.04 20.76 12.34
20.76 12.34 19.2 11.36
19.2 11.36 21 12
21 12 19.9 10.72
19.9 10.72 21.2 11.66
21.2 11.66 20.86 10.36
20.86 10.36 21.5 11.58
21.5 11.58 21.72 10.12
21.72 10.12 22 13
16.96 1.64 17 3
17 3 16.54 2.86
16.54 2.86 16.52 3.48
16.52 3.48 17.34 3.64
17.34 3.64 18.18 3.58
18.18 3.58 18.9 3.64
18.9 3.64 19.16 3.3
19.16 3.3 19.42 2.96
19.42 2.96 19.58 2.58
19.58 2.58 18.83932292416796 3.3549087997821756
18.83932292416796 3.3549087997821756 19.36 1.84
19.36 1.84 18.635937545007838 3.06
18.635937545007838 3.06 18.564752662301796 1.9515496835773456
18.564752662301796 1.9515496835773456 18.16815117293956 2.988815117293959
18.16815117293956 2.988815117293959 17.588502842333217 2.948138041461935
17.588502842333217 2.948138041461935 17.374948194215094 1.8803648008713034
17.374948194215094 1.8803648008713034 17.242747697761015 2.907460965629911
17.242747697761015 2.907460965629911 16.96 1.64
