733
17.318598200168417 78.6538463 17.317387200168287 78.6607017
17.317246400168276 78.66070849999998 17.3184680001684 78.65379509999998
17.317387200168287 78.6607017 17.317393000168295 78.6607758
17.31725300016828 78.6607883 17.317246400168276 78.66070849999998
17.309907600167538 78.6868487 17.29867290016639 78.7399694
17.298647400166388 78.73985719999999 17.30981360016752 78.6868344
17.317393000168295 78.6607758 17.309907600167538 78.6868487
17.30981360016752 78.6868344 17.31725300016828 78.6607883
17.318623200168417 78.65377209999998 17.318598200168417 78.6538463
17.3184680001684 78.65379509999998 17.318494500168402 78.65372059999999
17.319702700168527 78.64924559999999 17.318623200168417 78.65377209999998
17.318494500168402 78.65372059999999 17.319631300168524 78.64918759999999
17.320557800168608 78.641812 17.319702700168527 78.64924559999999
17.319631300168524 78.64918759999999 17.320488900168606 78.6417372
17.320488900168606 78.6417372 17.321472700168705 78.63868099999999
17.32154210016871 78.6387322 17.320557800168608 78.641812
17.322243400168787 78.6356232 17.32154210016871 78.6387322
17.321472700168705 78.63868099999999 17.32216390016878 78.6356111
17.32216390016878 78.6356111 17.320123200168567 78.62135049999999
17.32021460016858 78.6213438 17.322243400168787 78.6356232
17.320046300168563 78.6198342 17.32021460016858 78.6213438
17.320123200168567 78.62135049999999 17.31996610016855 78.6198587
17.31996610016855 78.6198587 17.320432300168598 78.6144944
17.32050410016861 78.6145438 17.320046300168563 78.6198342
17.326877900169254 78.6052675 17.32704160016927 78.604325
17.327131100169282 78.60434469999998 17.32695830016926 78.60528279999998
17.320432300168598 78.6144944 17.326877900169254 78.6052675
17.32695830016926 78.60528279999998 17.32050410016861 78.6145438
17.32704160016927 78.604325 17.3293249001695 78.5958157
17.32951680016952 78.59568079999998 17.327131100169282 78.60434469999998
17.36750590017336 78.5398163 17.368470800173455 78.52503250000001
17.368609000173468 78.5251078 17.36761850017337 78.5398367
17.368470800173455 78.52503250000001 17.368839100173492 78.5188212
17.369002400173507 78.5188093 17.368609000173468 78.5251078
17.36761850017337 78.5398367 17.346689200171262 78.55083499999999
17.346505800171236 78.55071510000002 17.36750590017336 78.5398163
17.34672210017126 78.5509904 17.34656920017125 78.55120459999999
17.346689200171262 78.55083499999999 17.34672210017126 78.5509904
17.34646900017123 78.55071119999998 17.346689200171262 78.55083499999999
17.346232200171205 78.5509053 17.34646900017123 78.55071119999998
17.34644030017124 78.5512173 17.34622550017121 78.5509947
17.34622550017121 78.5509947 17.346232200171205 78.5509053
17.34656920017125 78.55120459999999 17.34644030017124 78.5512173
17.34644030017124 78.5512173 17.344509700171038 78.55396779999998
17.342352800170815 78.55707299999999 17.34229310017081 78.5571555
17.342218300170806 78.5571218 17.342297600170813 78.5570079
17.343928000170973 78.5548869 17.342352800170815 78.55707299999999
17.344250500171015 78.5543643 17.343928000170973 78.5548869
17.344509700171038 78.55396779999998 17.344250500171015 78.5543643
17.342297600170813 78.5570079 17.34622550017121 78.5509947
17.34229310017081 78.5571555 17.337941000170375 78.5698226
17.337862600170368 78.5697979 17.342218300170806 78.5571218
17.337840800170362 78.569869 17.337862600170368 78.5697979
17.337941000170375 78.5698226 17.336763800170257 78.5738839
17.336643000170245 78.5738675 17.337840800170362 78.569869
17.336763800170257 78.5738839 17.336100800170186 78.57953039999998
17.335957900170172 78.5795206 17.336643000170245 78.5738675
17.336100800170186 78.57953039999998 17.335783400170154 78.58200199999999
17.33565450017014 78.58198629999998 17.335957900170172 78.5795206
17.3293249001695 78.5958157 17.33267700016984 78.5893061
17.332786800169853 78.5894023 17.32951680016952 78.59568079999998
17.335039500170083 78.58499029999999 17.332786800169853 78.5894023
17.33267700016984 78.5893061 17.334905400170065 78.5849102
17.335783400170154 78.58200199999999 17.335039500170083 78.58499029999999
17.334905400170065 78.5849102 17.33565450017014 78.58198629999998
17.281437000164633 78.4718871 17.271022600163572 78.4742598
17.27109360016359 78.4741791 17.281334500164633 78.4718603
17.2644482001629 78.4759442 17.27109360016359 78.4741791
17.271022600163572 78.4742598 17.2644440001629 78.4760583
17.2644440001629 78.4760583 17.248439100161267 78.4743304
17.24862510016128 78.4742522 17.2644482001629 78.4759442
17.29366850016588 78.47418039999998 17.281437000164633 78.4718871
17.281334500164633 78.4718603 17.293719700165887 78.4741428
17.299292000166457 78.4760381 17.29366850016588 78.47418039999998
17.293719700165887 78.4741428 17.29926930016645 78.47596549999999
17.302113600166734 78.4755225 17.299292000166457 78.4760381
17.29926930016645 78.47596549999999 17.302113600166734 78.4755225
17.326306400169194 78.4768667 17.302113600166734 78.4755225
17.348089900171402 78.4516446 17.34535500017113 78.45082939999999
17.356060100172208 78.4545928 17.348089900171402 78.4516446
17.348089900171402 78.4516446 17.356114800172207 78.4545278
17.337631500170346 78.46768659999998 17.340271700170604 78.46845759999998
17.34165780017075 78.4687808 17.34293140017088 78.46926189999999
17.34293140017088 78.46926189999999 17.34165780017075 78.4687808
17.340271700170604 78.46845759999998 17.341118200170694 78.4686644
17.341118200170694 78.4686644 17.340271700170604 78.46845759999998
17.341118200170694 78.4686644 17.34165780017075 78.4687808
17.350827100171678 78.4724986 17.354884100172086 78.4732391
17.34293140017088 78.46926189999999 17.350827100171678 78.4724986
17.327895100169357 78.4743976 17.326772600169242 78.4763953
17.326731000169236 78.4762521 17.327895100169357 78.4743976
17.337631500170346 78.46768659999998 17.329785200169546 78.4710806
17.329785200169546 78.4710806 17.337631500170346 78.46768659999998
17.329528600169525 78.47149759999999 17.329785200169546 78.4710806
17.329528600169525 78.47149759999999 17.329223300169488 78.47231729999999
17.329223300169488 78.47231729999999 17.327895100169357 78.4743976
17.326592900169224 78.4765183 17.326731000169236 78.4762521
17.326772600169242 78.4763953 17.326635000169226 78.47663839999998
17.326635000169226 78.47663839999998 17.326306400169194 78.4768667
17.326306400169194 78.4768667 17.326592900169224 78.4765183
17.3698910001736 78.5149677 17.369002400173507 78.5188093
17.368839100173492 78.5188212 17.369776000173587 78.5149578
17.3698996001736 78.51487139999999 17.3698910001736 78.5149677
17.369776000173587 78.5149578 17.36979290017359 78.514878
17.375028800174114 78.49860039999999 17.371896100173796 78.5104698
17.371818100173787 78.51043409999998 17.374989800174113 78.49853299999998
17.36979290017359 78.514878 17.371818100173787 78.51043409999998
17.371896100173796 78.5104698 17.3698996001736 78.51487139999999
17.38213220017483 78.49334599999999 17.38843850017546 78.50355279999998
17.38213940017483 78.4932636 17.38213220017483 78.49334599999999
17.38156540017477 78.49289829999998 17.38213940017483 78.4932636
17.38213220017483 78.49334599999999 17.381512100174767 78.4929433
17.375232900174137 78.4983038 17.375133300174124 78.49826639999999
17.374989800174113 78.49853299999998 17.375028800174114 78.49860039999999
17.375232900174137 78.4983038 17.375028800174114 78.49860039999999
17.374989800174113 78.49853299999998 17.375259800174135 78.4980835
17.37729000017434 78.49324019999999 17.37723950017434 78.4939073
17.377302900174342 78.4937551 17.37723950017434 78.4939073
17.377086000174323 78.4945657 17.37718700017433 78.49323170000001
17.37723950017434 78.4939073 17.37718900017434 78.4945743
17.375259800174135 78.4980835 17.377086000174323 78.4945657
17.37647950017426 78.4960927 17.375232900174137 78.4983038
17.37718900017434 78.4945743 17.37647950017426 78.4960927
17.379316300174548 78.4931249 17.377302900174342 78.4937551
17.380469500174662 78.49178 17.378437000174458 78.4919778
17.378429400174458 78.49189209999999 17.380461900174662 78.4916943
17.377740500174394 78.49216939999998 17.37729000017434 78.49324019999999
17.377740500174394 78.49216939999998 17.37730150017434 78.4920241
17.377293200174343 78.4919209 17.377706000174385 78.4917025
17.377706000174385 78.4917025 17.377812800174393 78.4918254
17.377812800174393 78.4918254 17.377740500174394 78.49216939999998
17.377812800174393 78.4918254 17.378429400174458 78.49189209999999
17.378437000174458 78.4919778 17.377740500174394 78.49216939999998
17.37730150017434 78.4920241 17.377293200174343 78.4919209
17.37718700017433 78.49323170000001 17.37730150017434 78.4920241
17.38071070017469 78.4904666 17.38079710017469 78.48496569999999
17.380854100174698 78.4924459 17.379316300174548 78.4931249
17.380863200174705 78.4917272 17.380469500174662 78.49178
17.38098050017471 78.4917046 17.38113800017473 78.4922087
17.381078800174723 78.49234219999998 17.380863200174705 78.4917272
17.38113800017473 78.4922087 17.381078800174723 78.49234219999998
17.381078800174723 78.49234219999998 17.380854100174698 78.4924459
17.38113800017473 78.4922087 17.38156540017477 78.49289829999998
17.381512100174767 78.4929433 17.381078800174723 78.49234219999998
17.380952200174708 78.49160849999998 17.38098050017471 78.4917046
17.38098050017471 78.4917046 17.380863200174705 78.4917272
17.380838600174705 78.4916307 17.380952200174708 78.49160849999998
17.380863200174705 78.4917272 17.380838600174705 78.4916307
17.380461900174662 78.4916943 17.380838600174705 78.4916307
17.380838600174705 78.4916307 17.380759000174695 78.4912553
17.38071070017469 78.4904666 17.380952200174708 78.49160849999998
17.380759000174695 78.4912553 17.38071070017469 78.4904666
17.38079710017469 78.48496569999999 17.378432100174457 78.48220569999998
17.378432100174457 78.48220569999998 17.38079710017469 78.48496569999999
17.38424630017504 78.4746676 17.38363000017498 78.47516019999999
17.383651400174983 78.4750091 17.384138300175035 78.4745701
17.38701400017532 78.4725124 17.386766100175297 78.47271079999999
17.386766100175297 78.47271079999999 17.38424630017504 78.4746676
17.384138300175035 78.4745701 17.3868247001753 78.47248319999999
17.37229240017384 78.47584709999998 17.373127800173926 78.4759499
17.373023300173912 78.4763294 17.372490200173864 78.4761678
17.372490200173864 78.4761678 17.370716600173687 78.47696180000001
17.37072940017368 78.476361 17.37229240017384 78.47584709999998
17.373723600173985 78.47711269999999 17.373570000173967 78.47700699999999
17.373723600173985 78.47711269999999 17.375275200174137 78.48036779999998
17.375210400174137 78.48041889999999 17.373570000173967 78.47700699999999
17.374240000174037 78.47603999999998 17.373570000173967 78.47700699999999
17.37436320017405 78.4760716 17.373723600173985 78.47711269999999
17.373570000173967 78.47700699999999 17.373023300173912 78.4763294
17.373127800173926 78.4759499 17.374240000174037 78.47603999999998
17.38363000017498 78.47516019999999 17.37436320017405 78.4760716
17.374240000174037 78.47603999999998 17.383651400174983 78.4750091
17.37526750017414 78.48045219999999 17.375210400174137 78.48041889999999
17.375275200174137 78.48036779999998 17.376872100174307 78.4812923
17.376872100174307 78.4812923 17.37526750017414 78.48045219999999
17.376872100174307 78.4812923 17.378432100174457 78.48220569999998
17.370569500173662 78.4769828 17.36914070017352 78.4765327
17.370716600173687 78.47696180000001 17.370569500173662 78.4769828
17.370436700173652 78.4763964 17.370569500173662 78.4769828
17.370436700173652 78.4763964 17.37072940017368 78.476361
17.370372000173646 78.47640469999999 17.370436700173652 78.4763964
17.37040560017365 78.47609999999999 17.370436700173652 78.4763964
17.370260400173635 78.4764096 17.370372000173646 78.47640469999999
17.369175000173524 78.4763451 17.370260400173635 78.4764096
17.368699200173477 78.47606949999998 17.368782300173486 78.4761124
17.36881050017349 78.47628259999999 17.368782300173486 78.4761124
17.368782300173486 78.4761124 17.368735900173483 78.4757972
17.368782300173486 78.4761124 17.369175000173524 78.4763451
17.36914070017352 78.4765327 17.36881050017349 78.47628259999999
17.36881050017349 78.47628259999999 17.368663900173477 78.4761937
17.364437400173045 78.47522709999998 17.368699200173477 78.47606949999998
17.368663900173477 78.4761937 17.363493700172953 78.47507159999999
17.364343800173042 78.47521189999999 17.364437400173045 78.47522709999998
17.36351710017296 78.4749549 17.364343800173042 78.47521189999999
17.36351710017296 78.4749549 17.363493700172953 78.47507159999999
17.363382200172943 78.47504709999998 17.363405600172943 78.4749303
17.363405600172943 78.4749303 17.36351710017296 78.4749549
17.362897200172892 78.4748776 17.363405600172943 78.4749303
17.363382200172943 78.47504709999998 17.362897200172892 78.4748776
17.363493700172953 78.47507159999999 17.363382200172943 78.47504709999998
17.362897200172892 78.4748776 17.36248330017285 78.47481009999998
17.36248330017285 78.47481009999998 17.36238880017284 78.47478659999999
17.36238880017284 78.47478659999999 17.362129900172814 78.4747144
17.361882000172795 78.4745026 17.362129900172814 78.4747144
17.36135220017274 78.4747424 17.360019100172604 78.47432160000001
17.36135220017274 78.4747424 17.36136190017274 78.4745217
17.362129900172814 78.4747144 17.36185070017279 78.47484819999998
17.36185070017279 78.47484819999998 17.36135220017274 78.4747424
17.361882000172795 78.4745026 17.36185070017279 78.47484819999998
17.36136190017274 78.4745217 17.361882000172795 78.4745026
17.360019100172604 78.47432160000001 17.36136190017274 78.4745217
17.354884100172086 78.4732391 17.360019100172604 78.47432160000001
17.368735900173483 78.4757972 17.368017100173407 78.46868000000002
17.36904380017351 78.4690149 17.37040560017365 78.47609999999999
17.368432800173455 78.46870559999999 17.36904380017351 78.4690149
17.368017100173407 78.46868000000002 17.367980100173405 78.4685496
17.367980100173405 78.4685496 17.3679468001734 78.46824799999999
17.368017100173407 78.46868000000002 17.368150000173422 78.468609
17.368150000173422 78.468609 17.368432800173455 78.46870559999999
17.36802100017341 78.4682041 17.368432800173455 78.46870559999999
17.365922400173197 78.4593659 17.36802100017341 78.4682041
17.3679468001734 78.46824799999999 17.36584550017319 78.45935039999999
17.366524000173253 78.4587514 17.36662800017327 78.45832349999999
17.36662800017327 78.45832349999999 17.366524000173253 78.4587514
17.366524000173253 78.4587514 17.366294600173234 78.45876019999999
17.36584550017319 78.45935039999999 17.36626050017323 78.45868060000001
17.366294600173234 78.45876019999999 17.365922400173197 78.4593659
17.36626050017323 78.45868060000001 17.366384600173244 78.4584352
17.365881100173198 78.4576415 17.36662800017327 78.45832349999999
17.366384600173244 78.4584352 17.365881100173198 78.4576415
17.365881100173198 78.4576415 17.36137200017274 78.455698
17.36137200017274 78.455698 17.356060100172208 78.4545928
17.356114800172207 78.4545278 17.36137200017274 78.455698
17.3689321001735 78.4291133 17.3749228001741 78.42928479999999
17.3749227001741 78.42936839999999 17.3689206001735 78.42919049999999
17.386860500175302 78.4295718 17.3749227001741 78.42936839999999
17.3749228001741 78.42928479999999 17.386869600175306 78.42949319999998
17.388007100175415 78.4297539 17.386860500175302 78.4295718
17.386869600175306 78.42949319999998 17.388028500175427 78.4296721
17.382457800174866 78.4222271 17.39340540017596 78.4266795
17.38598420017522 78.4226386 17.381022700174718 78.421734
17.381022700174718 78.421734 17.380423300174655 78.4215425
17.380998100174715 78.42166709999998 17.382457800174866 78.4222271
17.38044150017466 78.4214722 17.380998100174715 78.42166709999998
17.37317090017393 78.4057837 17.37331720017394 78.41549929999998
17.37331720017394 78.41549929999998 17.372459600173855 78.40534
17.373457200173956 78.41600339999998 17.37331720017394 78.41549929999998
17.374275800174036 78.4179735 17.373457200173956 78.41600339999998
17.373457200173956 78.41600339999998 17.374430400174056 78.4182403
17.374430400174056 78.4182403 17.37458980017407 78.4185612
17.374533700174066 78.4185935 17.374275800174036 78.4179735
17.37458980017407 78.4185612 17.38044150017466 78.4214722
17.380423300174655 78.4215425 17.374533700174066 78.4185935
17.36146420017275 78.42772370000002 17.3689321001735 78.4291133
17.352746100171874 78.41858339999999 17.360105700172614 78.4268898
17.36005080017261 78.42694369999998 17.352688800171855 78.41863499999998
17.360105700172614 78.4268898 17.36146420017275 78.42772370000002
17.361447000172745 78.4278045 17.36005080017261 78.42694369999998
17.3689206001735 78.42919049999999 17.361447000172745 78.4278045
17.34535500017113 78.45082939999999 17.331530000169728 78.43834059999999
17.331517100169727 78.4381778 17.34535500017113 78.45082939999999
17.3223984001688 78.4327208 17.330471000169613 78.4371163
17.321747200168733 78.4321261 17.32159030016872 78.4318681
17.322352200168798 78.4327838 17.321747200168733 78.4321261
17.32182940016874 78.43201859999999 17.3223984001688 78.4327208
17.320980000168653 78.4306733 17.32259490016882 78.43067519999998
17.322652200168825 78.43072339999999 17.320916500168646 78.4307177
17.321676700168727 78.4317429 17.32182940016874 78.43201859999999
17.31924210016848 78.428356 17.319982000168558 78.42909309999999
17.319924300168548 78.4291478 17.31916920016847 78.42845590000002
17.319982000168558 78.42909309999999 17.320980000168653 78.4306733
17.320916500168646 78.4307177 17.319924300168548 78.4291478
17.31924210016848 78.428356 17.321676700168727 78.4317429
17.32159030016872 78.4318681 17.31916920016847 78.42845590000002
17.331530000169728 78.43834059999999 17.322352200168798 78.4327838
17.330471000169613 78.4371163 17.331517100169727 78.4381778
17.33570590017015 78.4265812 17.333063700169884 78.42674179999999
17.33305920016988 78.426663 17.33570240017015 78.4265021
17.332256800169795 78.4266041 17.33305920016988 78.426663
17.333063700169884 78.42674179999999 17.3322333001698 78.42668059999998
17.326021500169166 78.4260572 17.329270200169496 78.42575740000001
17.329251200169498 78.42583139999999 17.326082000169173 78.4261026
17.329270200169496 78.42575740000001 17.332256800169795 78.4266041
17.3322333001698 78.42668059999998 17.329251200169498 78.42583139999999
17.32259490016882 78.43067519999998 17.326021500169166 78.4260572
17.326082000169173 78.4261026 17.322652200168825 78.43072339999999
17.33570240017015 78.4265021 17.33730940017031 78.4260067
17.33734490017031 78.426079 17.33570590017015 78.4265812
17.341026300170682 78.4239974 17.33734490017031 78.426079
17.33730940017031 78.4260067 17.34098520017068 78.42393199999998
17.342080300170792 78.4224517 17.341026300170682 78.4239974
17.34098520017068 78.42393199999998 17.342005200170785 78.42243249999999
17.34311360017089 78.4180306 17.342080300170792 78.4224517
17.342005200170785 78.42243249999999 17.343044600170888 78.41799859999999
17.352688800171855 78.41863499999998 17.351033100171694 78.41747249999999
17.351060000171696 78.4173948 17.352746100171874 78.41858339999999
17.34836430017143 78.41650009999998 17.351060000171696 78.4173948
17.351033100171694 78.41747249999999 17.348345100171425 78.4165744
17.348345100171425 78.4165744 17.34311360017089 78.4180306
17.343044600170888 78.41799859999999 17.34836430017143 78.41650009999998
17.350664400171652 78.36988030000002 17.371336200173744 78.40456549999999
17.37145870017376 78.4047542 17.350350700171624 78.3622039
17.372494500173858 78.40520439999999 17.372841800173894 78.405395
17.372459600173855 78.40534 17.37145870017376 78.4047542
17.371336200173744 78.40456549999999 17.372494500173858 78.40520439999999
17.373116700173924 78.40560579999999 17.37317090017393 78.4057837
17.372841800173894 78.405395 17.373116700173924 78.40560579999999
17.353702600171967 78.3421809 17.353272500171922 78.3311646
17.353333800171928 78.33116879999999 17.353771900171978 78.3421848
17.353247500171914 78.330815 17.353314600171927 78.3309793
17.353314600171927 78.3309793 17.353333800171928 78.33116879999999
17.353272500171922 78.3311646 17.353101900171907 78.3307442
17.353103700171907 78.33064679999998 17.353247500171914 78.330815
17.353101900171907 78.3307442 17.338856300170463 78.3117682
17.337765500170356 78.31341149999999 17.353103700171907 78.33064679999998
17.338856300170463 78.3117682 17.33492950017007 78.30128099999999
17.338856300170463 78.3117682 17.337765500170356 78.31341149999999
17.353771900171978 78.3421848 17.350678200171657 78.34945329999998
17.3520150001718 78.35520419999999 17.353702600171967 78.3421809
17.350678200171657 78.34945329999998 17.352092400171802 78.35515639999998
17.348822300171467 78.3587939 17.34872390017146 78.35824719999998
17.35087140017168 78.35810489999999 17.3520150001718 78.35520419999999
17.352092400171802 78.35515639999998 17.350938600171684 78.3581891
17.350938600171684 78.3581891 17.349030300171496 78.35839459999998
17.34872390017146 78.35824719999998 17.35087140017168 78.35810489999999
17.34872390017146 78.35824719999998 17.349030300171496 78.35839459999998
17.349030300171496 78.35839459999998 17.349002200171494 78.3586869
17.349002200171494 78.3586869 17.348822300171467 78.3587939
17.3500968001716 78.3617244 17.348822300171467 78.3587939
17.349002200171494 78.3586869 17.35031890017163 78.3616301
17.3500968001716 78.3617244 17.35031890017163 78.3616301
17.350533000171644 78.36208709999998 17.350350700171624 78.3622039
17.35031890017163 78.3616301 17.350533000171644 78.36208709999998
17.350350700171624 78.3622039 17.3500968001716 78.3617244
17.350533000171644 78.36208709999998 17.350662400171665 78.36980599999998
17.350662400171665 78.36980599999998 17.350664400171652 78.36988030000002
17.250004200161424 78.3761524 17.249763800161404 78.37585749999998
17.24990070016142 78.37581339999998 17.25012460016143 78.3760987
17.261921800162643 78.38800319999999 17.250004200161424 78.3761524
17.25012460016143 78.3760987 17.262023000162653 78.38793859999998
17.266450000163108 78.3934623 17.261921800162643 78.38800319999999
17.262023000162653 78.38793859999998 17.266450000163108 78.3934623
17.266850800163144 78.3939195 17.266450000163108 78.3934623
17.27462780016394 78.40112419999998 17.266850800163144 78.3939195
17.266850800163144 78.3939195 17.27469070016395 78.40100909999998
17.27469070016395 78.40100909999998 17.282132200164707 78.4108899
17.282061900164702 78.4110023 17.27462780016394 78.40112419999998
17.282132200164707 78.4108899 17.293773300165896 78.4174785
17.293753600165886 78.41761389999999 17.282061900164702 78.4110023
17.30230370016676 78.42018249999998 17.293753600165886 78.41761389999999
17.293773300165896 78.4174785 17.30232750016676 78.42007769999998
17.31916920016847 78.42845590000002 17.302379300166766 78.4202081
17.30240130016677 78.42010629999999 17.31924210016848 78.428356
17.302379300166766 78.4202081 17.30230370016676 78.42018249999998
17.30232750016676 78.42007769999998 17.30240130016677 78.42010629999999
17.249763800161404 78.37585749999998 17.244862100160898 78.3705075
17.244927000160903 78.3704527 17.24990070016142 78.37581339999998
17.244862100160898 78.3705075 17.238962200160294 78.3625697
17.238592000160253 78.3620131 17.244927000160903 78.3704527
17.238962200160294 78.3625697 17.238443600160238 78.3622464
17.2380592001602 78.3616912 17.238592000160253 78.3620131
17.238443600160238 78.3622464 17.23336030015972 78.35587669999998
17.23336030015972 78.35587669999998 17.188231200155073 78.3090472
17.165474000152724 78.2975944 17.2380592001602 78.3616912
17.202192700156516 78.4760507 17.110399800147 78.47578019999999
17.203192300156612 78.47618479999998 17.202192700156516 78.4760507
17.202192700156516 78.4760507 17.20319550015662 78.47606019999999
17.204489400156756 78.4763283 17.203192300156612 78.47618479999998
17.20319550015662 78.47606019999999 17.20449770015675 78.47620579999999
17.248439100161267 78.4743304 17.204489400156756 78.4763283
17.20449770015675 78.47620579999999 17.24862510016128 78.4742522
17.33492950017007 78.30128099999999 17.318655500168415 78.214036
17.52983100018951 78.2609201 17.537334300190246 78.2419413
17.537443800190257 78.24196309999999 17.529923700189524 78.26094249999998
17.53816120019033 78.2374022 17.538372400190347 78.23677009999999
17.53847630019036 78.23685260000002 17.538252600190336 78.23747309999999
17.537837800190296 78.2388293 17.537941200190303 78.23831359999998
17.53806550019032 78.23828920000001 17.53796060019031 78.2388064
17.538252600190336 78.23747309999999 17.53806550019032 78.23828920000001
17.537941200190303 78.23831359999998 17.53816120019033 78.2374022
17.53759880019027 78.2401581 17.537837800190296 78.2388293
17.53796060019031 78.2388064 17.537728800190287 78.2402016
17.537728800190287 78.2402016 17.537443800190257 78.24196309999999
17.537334300190246 78.2419413 17.53759880019027 78.2401581
17.538372400190347 78.23677009999999 17.546359400191136 78.2134935
17.546359400191136 78.2134935 17.53847630019036 78.23685260000002
17.526274000189165 78.26975899999998 17.52983100018951 78.2609201
17.529923700189524 78.26094249999998 17.520201300188564 78.2772411
17.523562100188894 78.2732941 17.526274000189165 78.26975899999998
17.523463500188885 78.2734119 17.523562100188894 78.2732941
17.52232450018877 78.2746597 17.523463500188885 78.2734119
17.520201300188564 78.2772411 17.51897910018844 78.2786235
17.51897910018844 78.2786235 17.509118500187473 78.3003103
17.509019000187457 78.30033749999998 17.52232450018877 78.2746597
17.396147600176235 78.42771699999999 17.39614140017624 78.42784109999998
17.39614140017624 78.42784109999998 17.39589080017621 78.427908
17.395908700176207 78.42762059999998 17.396147600176235 78.42771699999999
17.395826200176202 78.4277826 17.395908700176207 78.42762059999998
17.39589080017621 78.427908 17.395826200176202 78.4277826
17.393337000175954 78.4267171 17.393094400175933 78.42669339999999
17.393337000175954 78.4267171 17.39327790017595 78.4266099
17.39340540017596 78.4266795 17.393337000175954 78.4267171
17.395826200176202 78.4277826 17.393337000175954 78.4267171
17.39340540017596 78.4266795 17.395908700176207 78.42762059999998
17.39327790017595 78.4266099 17.38598420017522 78.4226386
17.388028500175427 78.4296721 17.39153170017578 78.4307504
17.39150970017577 78.43082649999998 17.388007100175415 78.4297539
17.39153170017578 78.4307504 17.39307550017593 78.4309934
17.39307370017593 78.4310727 17.39150970017577 78.43082649999998
17.395775800176196 78.43079969999998 17.39589080017621 78.427908
17.39614140017624 78.42784109999998 17.396033700176222 78.4293115
17.396033700176222 78.4293115 17.39598570017622 78.43074539999999
17.395784000176203 78.4317641 17.394845100176102 78.43107089999998
17.3948441001761 78.43098999999998 17.395857100176208 78.4317426
17.395726300176197 78.43180339999999 17.395756500176198 78.43136149999998
17.39598120017622 78.4308785 17.39597550017622 78.4317069
17.395756500176198 78.43136149999998 17.395760500176202 78.43113269999999
17.395760500176202 78.43113269999999 17.395775800176196 78.43079969999998
17.39598570017622 78.43074539999999 17.39598120017622 78.4308785
17.395857100176208 78.4317426 17.395315200176153 78.43360939999998
17.395235800176145 78.43360389999998 17.395784000176203 78.4317641
17.394845100176102 78.43107089999998 17.39307370017593 78.4310727
17.39307550017593 78.4309934 17.3948441001761 78.43098999999998
17.394735600176094 78.43919349999999 17.395235800176145 78.43360389999998
17.395315200176153 78.43360939999998 17.394808300176106 78.4391969
17.39597550017622 78.4317069 17.396242200176246 78.442391
17.39595490017622 78.4424513 17.395726300176197 78.43180339999999
17.398344100176455 78.4436536 17.3957633001762 78.4419605
17.3957633001762 78.4419605 17.395052500176128 78.4404738
17.395118900176133 78.440434 17.39583130017621 78.4419207
17.395052500176128 78.4404738 17.394735600176094 78.43919349999999
17.394808300176106 78.4391969 17.395118900176133 78.440434
17.39583130017621 78.4419207 17.398405900176463 78.44361579999999
17.398563400176478 78.4442892 17.39595490017622 78.4424513
17.398563400176478 78.4442892 17.398344100176455 78.4436536
17.398405900176463 78.44361579999999 17.398646300176488 78.44426189999999
17.396242200176246 78.442391 17.399481100176573 78.45039
17.43689660018031 78.44394869999999 17.433788000179998 78.4460263
17.436718200180298 78.4439268 17.442363900180855 78.4411739
17.442428000180865 78.44132699999999 17.43689660018031 78.44394869999999
17.45613600018223 78.43410299999998 17.442530200180876 78.44125449999999
17.442363900180855 78.4411739 17.442459600180864 78.44111939999999
17.442530200180876 78.44125449999999 17.442428000180865 78.44132699999999
17.442459600180864 78.44111939999999 17.45107660018173 78.4363796
17.45932300018254 78.43263129999998 17.45613600018223 78.43410299999998
17.45107660018173 78.4363796 17.459276500182543 78.4324783
17.493429500185925 78.4023596 17.49344710018593 78.4023351
17.49269460018585 78.4039696 17.493429500185925 78.4023596
17.493573800185942 78.40240200000001 17.49282230018586 78.40403769999999
17.49282230018586 78.40403769999999 17.490791400185664 78.4075587
17.475663900184166 78.4235759 17.46975960018358 78.42763410000002
17.46972320018358 78.4274817 17.47561750018416 78.42343430000001
17.469525500183558 78.4276182 17.46972320018358 78.4274817
17.46642860018325 78.42921949999999 17.469525500183558 78.4276182
17.46646890018325 78.42934039999999 17.45932300018254 78.43263129999998
17.459276500182543 78.4324783 17.46642860018325 78.42921949999999
17.46975960018358 78.42763410000002 17.46646890018325 78.42934039999999
17.490791400185664 78.4075587 17.475663900184166 78.4235759
17.47561750018416 78.42343430000001 17.49269460018585 78.4039696
17.494112500185995 78.4012268 17.493573800185942 78.40240200000001
17.49344710018593 78.4023351 17.494000000185977 78.4011611
17.494000000185977 78.4011611 17.495032400186076 78.39889119999998
17.495873100186163 78.3972906 17.494112500185995 78.4012268
17.495032400186076 78.39889119999998 17.496260500186207 78.3951155
17.496260500186207 78.3951155 17.496311500186206 78.39493499999999
17.496500700186225 78.39487339999998 17.495873100186163 78.3972906
17.498592100186432 78.3897534 17.496500700186225 78.39487339999998
17.497538900186328 78.39241310000001 17.497656400186344 78.3925073
17.496311500186206 78.39493499999999 17.498427800186416 78.3897923
17.499114900186484 78.3858044 17.498592100186432 78.3897534
17.498427800186416 78.3897923 17.49847940018642 78.37986519999998
17.49906790018648 78.38494399999999 17.499232400186497 78.3849687
17.49847940018642 78.37986519999998 17.49639160018621 78.3726872
17.496716700186244 78.3616395 17.499114900186484 78.3858044
17.495252600186102 78.332375 17.494301800186005 78.34836839999998
17.494241400186002 78.34834699999999 17.495153800186092 78.3323554
17.494301800186005 78.34836839999998 17.49414010018599 78.35103189999998
17.49407420018599 78.3510721 17.494241400186002 78.34834699999999
17.49414010018599 78.35103189999998 17.494169800185997 78.35118319999998
17.494084300185985 78.3512062 17.49407420018599 78.3510721
17.496639500186244 78.3615368 17.494084300185985 78.3512062
17.494169800185997 78.35118319999998 17.496709600186247 78.3615409
17.496709600186247 78.3615409 17.496716700186244 78.3616395
17.496640500186242 78.3616408 17.496639500186244 78.3615368
17.49639160018621 78.3726872 17.496640500186242 78.3616408
17.50425880018699 78.30875819999999 17.509019000187457 78.30033749999998
17.509118500187473 78.3003103 17.50181920018675 78.3121131
17.50181920018675 78.3121131 17.495234600186098 78.31701169999998
17.49633000018621 78.315015 17.50425880018699 78.30875819999999
17.495520200186125 78.3160142 17.49633000018621 78.315015
17.495364100186112 78.31658739999999 17.495125300186093 78.31821549999998
17.49506810018609 78.31745109999999 17.495134300186095 78.317088
17.495134300186095 78.317088 17.495520200186125 78.3160142
17.494992600186077 78.32526999999999 17.49506810018609 78.31745109999999
17.495234600186098 78.31701169999998 17.49507910018609 78.32521130000002
17.49507910018609 78.32521130000002 17.495252600186102 78.332375
17.495153800186092 78.3323554 17.494992600186077 78.32526999999999
17.59591140019597 78.4036831 17.7346172002093 78.2876997
17.595229600195903 78.40430539999998 17.59542530019592 78.4039802
17.59542530019592 78.4039802 17.59571150019595 78.404248
17.59591140019597 78.4036831 17.59571150019595 78.404248
17.59542530019592 78.4039802 17.59591140019597 78.4036831
17.59571150019595 78.404248 17.595495000195925 78.40449069999998
17.595495000195925 78.40449069999998 17.595229600195903 78.40430539999998
17.595495000195925 78.40449069999998 17.59345640019573 78.40674749999998
17.59271490019566 78.407456 17.595229600195903 78.40430539999998
17.499148800186486 78.4767069 17.558864100192356 78.4924965
17.540143200190528 78.49088989999998 17.537177500190225 78.4900541
17.559531700192426 78.49261850000002 17.56389540019285 78.49333719999998
17.558761400192346 78.4926056 17.540143200190528 78.49088989999998
17.5593158001924 78.4927312 17.558761400192346 78.4926056
17.558864100192356 78.4924965 17.559531700192426 78.49261850000002
17.56389540019285 78.49333719999998 17.591556100195543 78.49290259999998
17.59677910019605 78.49282709999999 17.5593158001924 78.4927312
17.591556100195543 78.49290259999998 17.596767600196053 78.4926675
17.596767600196053 78.4926675 17.597169000196093 78.49267019999999
17.597163500196096 78.4928365 17.59677910019605 78.49282709999999
17.602006800196563 78.4789533 17.616540700197977 78.48573659999998
17.616540700197977 78.48573659999998 17.66190820020235 78.4905856
17.66187580020235 78.4906896 17.616561200197975 78.4858235
17.616540700197977 78.48573659999998 17.616561200197975 78.4858235
17.616561200197975 78.4858235 17.60179770019654 78.49183929999998
17.60176790019654 78.4917457 17.616540700197977 78.48573659999998
17.601165900196477 78.491985 17.60176790019654 78.4917457
17.60179770019654 78.49183929999998 17.597163500196096 78.4928365
17.597169000196093 78.49267019999999 17.601165900196477 78.491985
17.537177500190225 78.4900541 17.517178400188264 78.481174
17.517178400188264 78.481174 17.499102400186487 78.4768377
17.498667000186444 78.47647799999999 17.499148800186486 78.4767069
17.499102400186487 78.4768377 17.49865990018644 78.4766284
17.49865990018644 78.4766284 17.497849400186357 78.476253
17.497805600186354 78.47604869999999 17.498667000186444 78.47647799999999
17.470710000183672 78.47367429999998 17.497805600186354 78.47604869999999
17.497849400186357 78.476253 17.470710000183672 78.47367429999998
17.46382180018299 78.47276369999999 17.463943700183005 78.4726646
17.463943700183005 78.4726646 17.46382180018299 78.47276369999999
17.464524600183054 78.47274699999998 17.46396710018301 78.47286629999999
17.463943700183005 78.4726646 17.464524600183054 78.47274699999998
17.464524600183054 78.47274699999998 17.470710000183672 78.47367429999998
17.46396710018301 78.47286629999999 17.458299400182444 78.47772379999999
17.458268100182437 78.47767649999999 17.46382180018299 78.47276369999999
17.42570980017919 78.4863608 17.42854560017948 78.48782459999998
17.428246700179443 78.48777099999998 17.42544600017917 78.48636089999998
17.42544600017917 78.48636089999998 17.421443700178767 78.4845612
17.42142700017877 78.48442629999998 17.42570980017919 78.4863608
17.42855990017948 78.48794029999999 17.428246700179443 78.48777099999998
17.432957100179916 78.48846869999998 17.42855990017948 78.48794029999999
17.42854560017948 78.48782459999998 17.43296200017992 78.4883519
17.43296200017992 78.4883519 17.441827800180803 78.4875311
17.4418325001808 78.48763079999999 17.432957100179916 78.48846869999998
17.441827800180803 78.4875311 17.441890700180807 78.4875195
17.441900700180813 78.4876142 17.4418325001808 78.48763079999999
17.441890700180807 78.4875195 17.443203300180944 78.48741789999998
17.44320270018094 78.48752559999998 17.441900700180813 78.4876142
17.443203300180944 78.48741789999998 17.44340170018096 78.4874068
17.44339880018096 78.4875193 17.44320270018094 78.48752559999998
17.449181900181532 78.48746299999999 17.449067200181528 78.4875688
17.44340170018096 78.4874068 17.449030900181523 78.4874563
17.449067200181528 78.4875688 17.44339880018096 78.4875193
17.451301800181742 78.4864368 17.449181900181532 78.48746299999999
17.449030900181523 78.4874563 17.451271400181742 78.48630059999999
17.45179180018179 78.48619029999999 17.451301800181742 78.4864368
17.451271400181742 78.48630059999999 17.45177630018179 78.48605139999998
17.456883300182298 78.4850558 17.45179180018179 78.48619029999999
17.45177630018179 78.48605139999998 17.456862400182295 78.48499679999999
17.456954600182307 78.4849847 17.456977300182306 78.4850443
17.456977300182306 78.4850443 17.456883300182298 78.4850558
17.456862400182295 78.48499679999999 17.457779300182384 78.47793939999998
17.457813700182392 78.47800549999998 17.456954600182307 78.4849847
17.458299400182444 78.47772379999999 17.457813700182392 78.47800549999998
17.457779300182384 78.47793939999998 17.458268100182437 78.47767649999999
17.430018600179622 78.44995399999999 17.436718200180298 78.4439268
17.433788000179998 78.4460263 17.430090600179636 78.4500495
17.430090600179636 78.4500495 17.42695700017932 78.45239249999999
17.427020500179328 78.4522231 17.430018600179622 78.44995399999999
17.426884900179317 78.45230619999998 17.427020500179328 78.4522231
17.426689000179294 78.4524212 17.426884900179317 78.45230619999998
17.42695700017932 78.45239249999999 17.426755200179297 78.45251789999999
17.409297700177554 78.47538069999999 17.42142700017877 78.48442629999998
17.42137540017876 78.48450829999999 17.40885370017751 78.4756271
17.408659200177492 78.4749986 17.40887110017751 78.47534999999999
17.408659200177492 78.4749986 17.409297700177554 78.47538069999999
17.40887110017751 78.47534999999999 17.409297700177554 78.47538069999999
17.408586400177484 78.47537439999999 17.40885370017751 78.4756271
17.40885370017751 78.4756271 17.408586400177484 78.47537439999999
17.408093500177433 78.47248489999998 17.408123400177438 78.472651
17.408123400177438 78.472651 17.408207400177446 78.47316319999999
17.408207400177446 78.47316319999999 17.408659200177492 78.4749986
17.408586400177484 78.47537439999999 17.407900000177413 78.47282879999999
17.407900000177413 78.47282879999999 17.407887500177413 78.47269659999999
17.407887500177413 78.47269659999999 17.40704810017733 78.46772209999999
17.407334300177354 78.4678117 17.408093500177433 78.47248489999998
17.407000400177328 78.46767509999998 17.407060400177333 78.46749109999999
17.40704810017733 78.46772209999999 17.407000400177328 78.46767509999998
17.407204700177346 78.4675334 17.40704810017733 78.46772209999999
17.407204700177346 78.4675334 17.407334300177354 78.4678117
17.407060400177333 78.46749109999999 17.407204700177346 78.4675334
17.413371600177964 78.4599046 17.426689000179294 78.4524212
17.426755200179297 78.45251789999999 17.413591600177984 78.45988739999999
17.406545300177278 78.4607077 17.407527900177378 78.4604995
17.407865300177416 78.4605431 17.407182700177344 78.46073639999999
17.413591600177984 78.45988739999999 17.407865300177416 78.4605431
17.407527900177378 78.4604995 17.413371600177964 78.4599046
17.407182700177344 78.46073639999999 17.406981700177326 78.4610936
17.40691460017732 78.46090339999999 17.406658100177292 78.4618175
17.406981700177326 78.4610936 17.406770100177297 78.46182729999998
17.406545300177278 78.4607077 17.406981700177326 78.4610936
17.406658100177292 78.4618175 17.406600500177284 78.4621574
17.406770100177297 78.46182729999998 17.406721400177293 78.4621268
17.406600500177284 78.4621574 17.406609500177282 78.4624225
17.404936800177122 78.4641879 17.40468160017709 78.46440169999998
17.404019700177027 78.4647792 17.40410820017703 78.4642364
17.404019700177027 78.4647792 17.403603000176986 78.46383109999998
17.40468160017709 78.46440169999998 17.40410820017703 78.4642364
17.40410820017703 78.4642364 17.403713000176996 78.46373449999999
17.406523000177277 78.4626233 17.404344400177056 78.46445829999999
17.406721400177293 78.4621268 17.404936800177122 78.4641879
17.40337190017696 78.4619318 17.406545300177278 78.4607077
17.40349400017697 78.4634344 17.40337190017696 78.4619318
17.403068100176935 78.46305329999998 17.402813800176904 78.46238139999998
17.402813800176904 78.46238139999998 17.4027304001769 78.46210899999998
17.4027304001769 78.46210899999998 17.402691900176894 78.4617181
17.402848300176906 78.4618614 17.40337190017696 78.4619318
17.40335580017696 78.4635176 17.403068100176935 78.46305329999998
17.403603000176986 78.46383109999998 17.40335580017696 78.4635176
17.403713000176996 78.46373449999999 17.40349400017697 78.4634344
17.402691900176894 78.4617181 17.403707000176997 78.4560426
17.403707000176997 78.4560426 17.402848300176906 78.4618614
17.403707000176997 78.4560426 17.400332000176654 78.4509207
17.39961810017659 78.45052199999999 17.399366100176564 78.45039689999999
17.399481100176573 78.45039 17.39963690017659 78.4504726
17.39963690017659 78.4504726 17.400332000176654 78.4509207
17.400332000176654 78.4509207 17.39961810017659 78.45052199999999
17.399366100176564 78.45039689999999 17.398563400176478 78.4442892
17.3868247001753 78.47248319999999 17.39009290017563 78.4700708
17.390143300175634 78.4702133 17.38701400017532 78.4725124
17.39009290017563 78.4700708 17.39131130017575 78.47002279999998
17.391221300175744 78.4701188 17.390143300175634 78.4702133
17.39131130017575 78.47002279999998 17.394932500176115 78.4704327
17.394885200176113 78.4705463 17.391221300175744 78.4701188
17.398904500176513 78.471052 17.394885200176113 78.4705463
17.394932500176115 78.4704327 17.399135800176538 78.47077369999998
17.40267730017689 78.46790939999998 17.404019700177027 78.4647792
17.40468160017709 78.46440169999998 17.402801600176907 78.46787709999998
17.402801600176907 78.46787709999998 17.407060400177333 78.46749109999999
17.407000400177328 78.46767509999998 17.40302660017693 78.46796999999998
17.40302660017693 78.46796999999998 17.402789900176902 78.4680121
17.40267730017689 78.46790939999998 17.402801600176907 78.46787709999998
17.402801600176907 78.46787709999998 17.402789900176902 78.4680121
17.402789900176902 78.4680121 17.40267730017689 78.46790939999998
17.402789900176902 78.4680121 17.402655100176894 78.46822659999998
17.400522000176675 78.46998489999999 17.40267730017689 78.46790939999998
17.402655100176894 78.46822659999998 17.401097000176733 78.47026949999999
17.401097000176733 78.47026949999999 17.400905300176717 78.4704043
17.400905300176717 78.4704043 17.40062510017668 78.47048919999999
17.400948100176716 78.47006659999998 17.400905300176717 78.4704043
17.400522000176675 78.46998489999999 17.400948100176716 78.47006659999998
17.40062510017668 78.47048919999999 17.400522000176675 78.46998489999999
17.40062510017668 78.47048919999999 17.39927510017655 78.4710517
17.399135800176538 78.47077369999998 17.400522000176675 78.46998489999999
17.39927510017655 78.4710517 17.398904500176513 78.471052
17.398904500176513 78.471052 17.39927510017655 78.4710517
17.421443700178767 78.4845612 17.42137540017876 78.48450829999999
17.38843850017546 78.50355279999998 17.38942400017556 78.5044523
17.389355600175552 78.5045 17.38843850017546 78.50355279999998
17.38942400017556 78.5044523 17.389736500175594 78.5048428
17.389674200175588 78.5049239 17.389355600175552 78.5045
17.389736500175594 78.5048428 17.389909500175612 78.5051259
17.389862900175608 78.5051517 17.389674200175588 78.5049239
17.389909500175612 78.5051259 17.39049310017567 78.5061601
17.390439000175665 78.50618099999998 17.389862900175608 78.5051517
17.39049310017567 78.5061601 17.390535900175667 78.5063125
17.39047380017566 78.50632839999999 17.390439000175665 78.50618099999998
17.390535900175667 78.5063125 17.391272400175747 78.5109015
17.39119790017574 78.5109637 17.39047380017566 78.50632839999999
17.391272400175747 78.5109015 17.391286400175748 78.5109964
17.392059800175826 78.51623209999998 17.39119790017574 78.5109637
17.391286400175748 78.5109964 17.39212710017583 78.5162295
17.392068000175822 78.51630439999998 17.392059800175826 78.51623209999998
17.39212710017583 78.5162295 17.392140200175838 78.51629839999998
17.392140200175838 78.51629839999998 17.40096340017672 78.5431141
17.400891100176715 78.54311089999999 17.392068000175822 78.51630439999998
17.40096340017672 78.5431141 17.401558200176776 78.55983619999999
17.401325600176758 78.5600442 17.400891100176715 78.54311089999999
17.401690500176795 78.57349069999998 17.401815100176798 78.577793
17.401574700176788 78.5733654 17.401430000176767 78.56081759999998
17.401785100176802 78.5603466 17.401690500176795 78.57349069999998
17.401430000176767 78.56081759999998 17.401321000176754 78.5603672
17.40106100017673 78.580495 17.401574700176788 78.5733654
17.401815100176798 78.577793 17.401209500176744 78.5805135
17.404700400177095 78.58704239999999 17.401200800176746 78.58158689999999
17.401190400176745 78.5808124 17.404810600177107 78.58705539999998
17.401200800176746 78.58158689999999 17.40105660017673 78.58080929999998
17.40105660017673 78.58080929999998 17.40106100017673 78.580495
17.401209500176744 78.5805135 17.401190400176745 78.5808124
17.424840200179105 78.644835 17.404700400177095 78.58704239999999
17.404810600177107 78.58705539999998 17.43122610017975 78.65301090000001
17.43121640017975 78.65312609999998 17.424840200179105 78.644835
17.43266790017989 78.6542273 17.43121640017975 78.65312609999998
17.43122610017975 78.65301090000001 17.432922200179917 78.6542604
17.435093000180128 78.65925789999999 17.442755000180895 78.672443
17.442640800180882 78.67260599999999 17.435041800180127 78.6593476
17.43386820018001 78.6559992 17.435093000180128 78.65925789999999
17.435041800180127 78.6593476 17.433746900179997 78.6559996
17.43347160017997 78.65505409999999 17.433722100179992 78.6556054
17.433746900179997 78.6559996 17.433399800179963 78.65520020000001
17.433722100179992 78.6556054 17.43386820018001 78.6559992
17.433399800179963 78.65520020000001 17.43307830017993 78.6547394
17.433149100179943 78.654575 17.43347160017997 78.65505409999999
17.43307830017993 78.6547394 17.43266790017989 78.6542273
17.432922200179917 78.6542604 17.433149100179943 78.654575
17.45496990018211 78.7032045 17.462157300182827 78.7382164
17.462019200182816 78.7382491 17.454863300182105 78.7032148
17.452337300181846 78.69776499999999 17.45064520018168 78.69517309999999
17.45072030018169 78.69509219999999 17.452442800181863 78.697691
17.452442800181863 78.697691 17.45496990018211 78.7032045
17.454863300182105 78.7032148 17.452337300181846 78.69776499999999
17.44641560018126 78.6903636 17.450041600181617 78.69429939999999
17.44996620018161 78.69437209999998 17.44633330018125 78.6904715
17.444406300181058 78.6871279 17.446051100181222 78.68985220000002
17.445967900181216 78.6899586 17.444369800181057 78.6873072
17.443949700181015 78.6864468 17.443664600180988 78.6857323
17.444018400181026 78.686323 17.444406300181058 78.6871279
17.444369800181057 78.6873072 17.443949700181015 78.6864468
17.44633330018125 78.6904715 17.445967900181216 78.6899586
17.446051100181222 78.68985220000002 17.44641560018126 78.6903636
17.45064520018168 78.69517309999999 17.44996620018161 78.69437209999998
17.450041600181617 78.69429939999999 17.45072030018169 78.69509219999999
17.442755000180895 78.672443 17.442762700180896 78.67251269999998
17.442649100180887 78.67266589999998 17.442640800180882 78.67260599999999
17.442762700180896 78.67251269999998 17.443779000180996 78.68574209999998
17.443664600180988 78.6857323 17.442649100180887 78.67266589999998
17.443779000180996 78.68574209999998 17.444018400181026 78.686323
