26
2 2 9.9 1.62
9.9 1.62 15.32 3.44
15.32 3.44 19 4
19 4 19.54 7.6
19.54 7.6 18 11
18 11 13.64 12.28
13.64 12.28 15 10
15 10 10.88 12.82
10.88 12.82 11.52 10.32
11.52 10.32 7.64 12.88
7.64 12.88 9.3 9.94
9.3 9.94 5 13
5 13 7.68 8.84
7.68 8.84 13.24 8.84
13.24 8.84 14.74 7.36
14.74 7.36 13.56 6
13.56 6 10.92 4.8
10.92 4.8 5.9 4.3
5.9 4.3 3.7 5.58
3.7 5.58 3.36 11.44
3.36 11.44 2 13
2 13 1.64 6.18
1.64 6.18 2 2
1.64 6.18 3.7 5.58
10.92 4.8 15.32 3.44
14.74 7.36 19.54 7.6
