48
1.8116354864638808 1.02477590598463 12.077553674516018 2.5070207780563307
12.077553674516018 2.5070207780563307 30 0
30 0 35.18959408718954 3.879469733678276
35.18959408718954 3.879469733678276 35.35428796186417 9.259469639716302
35.35428796186417 9.259469639716302 36.72673691748612 9.698653305515325
36.72673691748612 9.698653305515325 43.9183694449451 5.746000313324122
43.9183694449451 5.746000313324122 49.79245097500702 9.31436759794118
49.79245097500702 9.31436759794118 55 10
55 10 55.007757006370404 19.30579599486894
55.007757006370404 19.30579599486894 53.41571621784895 22.3800816554621
53.41571621784895 22.3800816554621 55.33714475571967 27.43069381215086
55.33714475571967 27.43069381215086 52.866736635600176 29.95599989049524
52.866736635600176 29.95599989049524 47.706328562461664 28.528652976648416
47.706328562461664 28.528652976648416 44.632042901868516 36.32416304458106
44.632042901868516 36.32416304458106 39.52653278695488 30.94416313854304
39.52653278695488 30.94416313854304 28.821430933103724 36.873142626829846
28.821430933103724 36.873142626829846 28.382247267304702 30.669673347418648
28.382247267304702 30.669673347418648 36.013063460562705 28.91293868422256
36.013063460562705 28.91293868422256 30 25
30 25 23.331635110615956 30.669673347418648
23.331635110615956 30.669673347418648 23.825716734639855 36.15946916990643
23.825716734639855 36.15946916990643 27.229390144582272 37.9711017913274
27.229390144582272 37.9711017913274 19.59857395132427 37.53191812552838
19.59857395132427 37.53191812552838 20.97102290694621 27.43069381215086
20.97102290694621 27.43069381215086 24.319798358663753 20.403755159366497
24.319798358663753 20.403755159366497 31.62122680257249 21.776204114988445
31.62122680257249 21.776204114988445 40.13041032742854 26.38763260587818
40.13041032742854 26.38763260587818 39.25204299583049 21.55661228208893
39.25204299583049 21.55661228208893 28.601839100204213 18.207836830371384
28.601839100204213 18.207836830371384 19.54367599309939 16.451102167175296
19.54367599309939 16.451102167175296 18.390818870376958 24.795591817356723
18.390818870376958 24.795591817356723 17.62224745522867 32.645999843514254
17.62224745522867 32.645999843514254 14.767553627535028 36.10457121168155
14.767553627535028 36.10457121168155 9.11306393037262 36.43395896103082
9.11306393037262 36.43395896103082 12.02265571629114 32.09702026126547
12.02265571629114 32.09702026126547 3.4036762749853353 35.28110183830839
3.4036762749853353 35.28110183830839 11.473676134042362 27.595387686825493
11.473676134042362 27.595387686825493 4.282043606583379 28.63844889309817
4.282043606583379 28.63844889309817 10.760002677118953 22.3800816554621
10.760002677118953 22.3800816554621 6.4230639773536105 15.35314300267774
6.4230639773536105 15.35314300267774 20 10
20 10 6.532859893803367 7.5027349765202125
6.532859893803367 7.5027349765202125 4.007553815458991 17.329469498773342
4.007553815458991 17.329469498773342 1.8116354864638808 1.02477590598463
6.4230639773536105 15.35314300267774 18.390818870376958 24.795591817356723
19.54367599309939 16.451102167175296 35.35428796186417 9.259469639716302
36.72673691748612 9.698653305515325 39.25204299583049 21.55661228208893
39.25204299583049 21.55661228208893 47.706328562461664 28.528652976648416
