72
0.98 12.2
2.38 12.7
3.42 12.12
5.54 12.78
6.56 12.1
9.74 12.9
12.14 12.02
17.5 12.96
20.32 12.02
19.6 10.42
17 10.4
14.38 9.42
11.04 10.32
8.28 9
4.54 10.62
2.3 9.76
4.52 8.06
9.76 7.42
12.62 8.84
17.58 7.1
21.82 8.54
21.52 5.76
20.4 4.68
16.74 3.74
13.72 4.56
10.76 4.04
12.96 3.46
7.86 2.64
3.98 5.22
1.5 6.08
1.94 3.42
7.22 1.36
12.06 1.68
17.8 2.38
21.42 2.46
21.48 1.04
19.2 0.6
9.18 0.46
11.34 0.78
18.36 0.96
20.66 1.7
12.1 1.3
6.78 0.78
1.5 2.28
0.52 5.92
1.54 7.58
7.82 4.06
9.58 3.62
10.76 5.3
15.62 5.58
17.7 4.94
20.06 6.28
16.16 6.7
11.98 7.58
9.1 6.24
4.54 7.02
2.68 8.6
0.86 9.18
1.88 10.56
5.34 11.26
8.14 9.82
11.28 11.18
14.28 10.12
16.78 11.18
19.04 11.26
17.52 12.22
12.26 11.42
9.4 11.98
6.06 11.4
5.22 12.14
3.2 11.36
2.02 11.84
