100
8381125 -579037
-8716482 -8560825
8003787 2692476
5888927 -5846176
1709182 1950974
6654332 5114889
-5703122 -2224885
3796124 -3141805
-987241 -5354722
3322678 -6288174
5098507 -2334297
3388494 9663271
8458471 -8023812
3787994 524830
70826 -153632
7501391 4524175
3401409 8873794
5964301 -2840015
267429 3264433
7691158 4174978
-529822 -8522124
-7557616 4001222
-9129273 -4119423
-3365538 1874355
-3851074 7788470
-1579177 -5759420
-7679528 9404482
9862894 -3975326
3425331 3487288
8950788 1445438
8415744 -8811459
684376 4356197
-7229616 1699162
-2877433 -5347124
6799331 9728670
-4834737 1080695
-8113144 7727060
-3928077 -2944420
-6686883 -7946175
5936902 -5031253
7549933 7552287
-4829865 -2606500
-2164548 -3408029
-8410388 -2250414
3129042 -8943850
-8917617 7836307
-1688658 240210
4913741 6946617
-6153094 4367679
-7746197 4821111
6621317 6663342
-4865379 -4491339
3450509 2495447
-9464311 8825250
-4381969 2498411
9149274 -2841303
5707773 -3581272
3738785 9618018
1496155 -4565065
8469413 -2948380
6046919 7307289
-1899052 -5636174
5862615 -6871125
7267192 8556323
-9559205 2452336
-4865337 -5969286
4613303 -9171675
-5919153 -7401950
5864883 -1187692
5653324 -6797105
-8396811 659823
7833229 7085222
3161905 8819012
6275527 -4151414
3686103 -2255897
384255 2465989
8567231 345454
3829701 -7233311
3470524 -3686990
-4517953 -9817158
-7194566 -8087212
-8020691 -986774
4903245 -6915597
-4384883 49093
-7757712 2843428
8543739 1785716
-7014619 -2794292
-1790977 -9844466
6223961 -835503
244492 5862661
2385862 4439156
8973190 2626306
-8575715 -7145605
-7017988 -7948314
4143311 -4277637
763157 1852136
-9900602 -9420095
-9891398 6915868
1874320 6247899
-5695694 3031017
