1000
27149 3510
40713 -69082
96571 72938
27564 -45577
74868 83283
-98261 32333
-74041 -81770
-68399 -23857
88385 45792
-9028 88422
45958 -65848
74766 -92803
42469 38806
69459 -35150
-98818 37349
62672 48845
30617 19076
-46104 -57569
58283 87695
52576 -43879
-2208 -17763
-16633 -23605
-42719 2624
-35857 82554
-62151 -57252
-5428 82497
-86507 -82717
-37359 16663
54413 -24042
59148 -387
-62806 -61528
-72774 -29140
90405 99334
-80693 31590
49864 70949
-60410 7047
-8178 -34722
36348 -27902
40717 80019
91188 83995
-80220 28341
-80341 80776
17680 -67533
64071 62412
13531 88116
-14568 -91132
19378 4169
58965 53497
-91227 -3455
49612 -58129
-47534 -22066
6470 -91970
-89905 -11521
-14806 -50775
-58089 48280
-72401 -24716
86132 -83571
-45252 -13609
-19032 -10470
26203 -18255
-35604 -92137
42270 -40691
56556 59139
-31749 -54531
-2916 85048
73874 50116
-76286 1500
3679 -6458
-48239 -48520
42458 89890
-57597 30335
-71162 -24729
39885 91214
-12689 38877
74864 -55889
95214 87205
15727 -65453
25088 99396
34902 88956
-95590 78872
99379 -61526
66164 42528
96168 -73797
-2734 -47042
-9074 92497
-70903 -40581
-63686 -76984
-20370 -86197
-21101 -97512
-18012 8839
-88476 -89232
72264 -25652
-2377 -47275
-99571 -31192
8042 157
-18055 32384
65525 -52512
-59133 -34036
40404 79382
-5585 -62430
-31320 96492
42587 21648
-64171 -7866
19195 -80964
-62656 58638
-49729 -48027
-54616 -15946
11133 -90925
69744 -80159
39331 91962
3425 -95281
-86871 71059
90996 -45681
44756 -99827
-28279 -55264
60441 4126
-99517 81251
-36254 59050
-47108 -92359
-80475 -99558
-99650 79348
-48585 -53790
93599 -50016
8403 -71402
74292 12686
-56764 5174
53160 -7894
76889 66128
83239 -20645
78666 -36892
-77744 63193
21071 99968
-816 -98556
63619 -39996
-65876 -96874
19146 81982
53836 83811
-62289 17091
-20498 -99448
82564 -90514
42307 31285
-44924 4882
-95835 -96603
57422 -10465
11018 39114
56315 74086
-37086 -32257
91495 36444
-54064 -5940
-18570 7850
-8541 54886
-14776 -87559
22224 58171
66819 -37574
-23167 -11634
78832 32601
-20757 65647
-57500 75228
66755 -20050
-14529 19681
-92774 -39665
89048 20075
-63591 98248
-58856 -78883
-26371 1227
68885 6029
62806 -43416
-3704 56079
3324 88393
65753 -87852
84287 -55513
73061 53847
689 77737
-61225 -30175
-76536 -14001
23661 42318
89136 89091
-21881 21124
-30702 -42853
32609 93424
-56740 73258
-17551 26120
-66835 -23568
40633 4672
34538 30184
-13095 35731
93657 -56958
-91819 50530
65897 4770
49708 53366
-15659 -45553
-72623 -48211
17206 79439
-46246 52036
5009 -65239
-45599 61817
79796 91597
37846 60436
-87647 -70341
91549 32721
-981 41430
-40898 61158
-18271 52101
-37928 57511
-34775 -86604
-2995 -52070
-54140 -99578
-45005 -57496
-62471 -10572
-34386 29765
-57657 -73878
-99640 37113
84025 90390
-23215 66544
-8830 -77212
-55665 26266
40103 -98473
58991 89460
2887 94793
-10893 -82718
94739 75678
-47492 -50916
-40584 -77946
52963 -14093
5824 -74592
-61694 35639
58333 40450
87651 63168
90381 73814
52073 95171
63099 17464
-38843 49924
-84942 20829
55746 -84475
66462 -8127
-79405 -95234
-50101 53555
75739 -39359
8595 45858
85616 -29214
-85882 24795
14183 61692
57903 32189
-15679 81876
-710 14845
-44460 40402
-79804 94566
63934 98465
2901 -94808
-55569 41294
-29711 27206
20730 -45548
-43635 -10730
-68199 49536
-52422 -93572
43817 1738
-71988 55709
-14197 88028
-76410 -70770
34018 338
-86538 44533
-80495 64307
63537 -52140
83930 17793
-45813 -91305
-62942 18601
48756 -8160
-10824 -48216
-35692 27341
10142 60074
-86135 65321
91064 54060
41441 -63211
-38397 9945
74136 -72602
-19975 35538
86114 84648
-28529 18046
-72894 81243
-90978 -79435
-65107 -23
18781 35254
-38284 -93075
-93387 78186
-78413 35433
30018 -10315
32774 -5758
30222 -72030
45354 -90022
64938 44661
33949 -69219
-96509 -1919
-73333 -55731
70327 75503
-81711 65103
-40110 -43958
47626 -35715
52387 -9707
28691 -44782
75547 -75950
89542 77552
88059 93437
-49903 -61554
44522 38836
-47974 -74207
30825 -69737
-63983 -2888
76610 -6601
13634 29339
-96598 1553
-77457 -20388
10637 -44584
89613 38649
48679 -34012
70356 -54367
32579 -47356
73574 47705
-47047 -36957
90681 -15813
-54581 44934
-26641 -99682
-32818 -74450
-40925 40212
-14671 -830
38910 86431
47828 37758
-73760 92243
-95366 37202
71182 -92685
57511 -39333
-67962 47367
34425 18466
91193 52502
15435 -46928
56757 -12874
-51957 88755
81288 87539
79515 -23663
-34004 -74561
91880 58411
54124 91374
-42172 19952
21780 88316
-42758 -30600
31689 83330
-59097 67478
-4030 88944
-19465 -81852
-75603 16381
54631 -89299
-72220 -67228
-98326 63139
-29389 65675
70429 -6343
-23946 -52372
97753 -99015
42902 41070
-74524 -28358
-28762 -45248
-83398 -94068
-3401 -15365
-37014 84887
-71253 -23926
85061 43986
60335 -56276
-22533 -2257
93758 -39463
30836 86281
8626 -8350
-17550 -85518
55707 -91060
-77028 73682
91345 -72152
-80824 -8350
-79989 58148
-6534 92883
-74744 58218
86192 48312
-55457 56881
-74736 24574
80414 15223
-54479 -15639
-7300 -78511
41979 33577
49982 -43598
79699 58535
45276 89493
-5594 -51457
86459 -9635
-14320 89861
9132 89054
96536 -52675
-47347 44000
-12919 -10926
60108 -90560
-63630 -11360
46429 -68545
37331 -26008
47244 -46012
-94742 55081
-76378 -90765
-80262 80979
22513 -57140
-10327 95226
25964 95854
-34643 12398
95060 87964
-51682 -26111
68125 -12345
-3136 -45853
87440 44215
64016 -78073
-8135 -25842
-93773 -2347
-31117 -50908
99664 81847
19337 -25522
2183 -22300
-35033 -91624
-87146 -35080
-43745 -35527
-55322 20676
9716 -84476
92619 -25391
-14744 -10656
15201 -95917
-91821 -79757
-27153 -38516
8602 56651
83882 -49900
-23574 -79459
-89316 -33074
-4210 -25478
-34042 15517
21990 -75131
71689 -97622
14038 -70570
-78292 -18496
16324 -50897
95089 21307
-12777 3396
-6303 33336
35622 66170
-76352 96684
2579 1364
-79901 73154
-61964 10750
8997 -65752
-4832 56988
35190 -86513
75919 65156
-34880 57065
-79085 16256
-9449 19742
78071 46922
8601 -57848
75379 67924
24671 -29144
22214 -8150
-79827 35370
-38810 -45189
65072 -15459
68434 21482
52538 14079
-76794 34997
-53650 -47869
53712 -31823
-96972 78081
65856 -89120
96829 -44354
-1397 -41110
63933 45089
356 36566
12833 21425
45959 51183
30286 -29936
-19482 -69785
-60129 2383
6649 24633
-98689 -97606
-8996 81057
-49466 43805
38769 -11318
28552 3095
-71298 -15075
90669 -82110
24901 -62182
1829 44979
51807 46075
-44497 26193
19552 11415
-56998 52079
38576 78141
-21762 66523
-11808 32928
20833 56787
-97364 59769
-54738 -47809
-68226 86613
-1736 36487
-57638 -85851
-71721 41106
75951 29127
34232 -79187
80946 -19380
-82860 -60213
26871 -13107
50471 -55391
8856 3841
-51704 10195
13365 73978
-10986 -59735
-2448 58500
-90656 55909
-49070 85643
12956 -34618
-76949 -32956
-89236 24292
35299 32398
-24425 7347
-16216 79879
-57219 -46766
-97213 -92549
8677 -89817
-86569 -37652
61303 31879
-20373 95748
-19199 58737
-2805 -99388
-49329 11887
98303 99629
12690 30105
2355 -57904
34041 67069
-34508 3662
-38593 -27585
37177 -40086
-82809 -90342
2829 26478
37793 93417
9485 -46746
-35242 -91786
28124 -81757
77495 -5717
58239 1834
71432 93764
95158 33302
-36858 92025
78014 65090
61410 94241
-1797 21452
34659 -80413
51091 1997
72980 24920
41936 -93914
-79089 1862
96150 -86941
38639 -6199
-98349 -15943
24690 87846
-78963 -89210
14143 -74975
-86444 -79514
-19493 -93501
-22940 67942
-41132 59566
99374 67588
29695 -27794
-62317 15702
-2670 -17576
-47385 45261
30403 25911
-99267 -30621
-6105 -85937
66623 75305
78496 -9309
57170 27001
-47043 -35561
-72040 13208
24276 11107
-50863 -37863
-19949 85984
-52424 -53986
95060 -29390
6656 -43815
19909 71524
-68449 -81492
-23882 -25092
81836 -34301
61711 -86309
27700 38511
-44001 -44684
-51927 47678
23115 -98045
-6831 54641
-59680 -38992
-15731 97447
43634 -41452
-72255 31951
-73326 -22588
7723 32346
7028 -46922
24436 -42582
35968 -66780
11380 74254
85384 -1960
50371 -98131
6884 30366
-89473 89221
-20719 81613
47943 29935
10804 190
-52660 39025
20393 41682
34799 11389
-92715 94880
-23191 60456
15488 -53036
-52308 -49606
-55563 -74397
-32736 -21628
35090 58664
25166 -93220
-12335 38747
33791 44109
-45405 -79704
-6569 90576
78307 -15661
20439 -55888
-59660 -75641
106 2876
-7124 -41105
62222 -93161
-22062 77592
86899 68519
57095 -73637
97300 42483
14031 -50218
46248 -70372
80818 -78420
7782 -57100
-58181 -90194
-21856 -52838
22058 -13297
-97848 -67582
-55568 73688
-20129 85742
89071 44368
61108 -6700
21054 21928
68420 22929
-72679 81975
10546 5482
64325 90949
45160 52337
47245 58666
-87777 -47916
-79439 -17137
-90263 19598
95053 -37414
21173 -85353
90311 -80841
54049 47285
87423 -9146
41358 6669
-37094 -32403
30283 46364
-55521 21461
-56325 74540
-96726 -91300
-4003 -33316
16145 3220
96187 15358
-61985 -72149
42251 -66219
27479 -38014
27990 35724
18655 93765
88965 -30566
31563 -71475
-46333 -33512
-44136 -31673
-60690 83281
62739 13116
-77024 93704
66888 70862
-27870 -80602
-88597 43457
-14228 -62331
67388 -7317
-19038 -21021
-79213 -91085
-34858 75169
32556 93038
-47985 -28175
75288 -52340
-50194 -32414
-4278 -8032
-77536 -63554
73851 -18165
-88774 -68396
-12412 -25081
80110 -20486
-68252 -54607
89585 28517
56044 -30159
33103 -17082
43059 94703
-4185 -66680
16543 60132
15031 -66738
91325 82643
-15445 26728
68564 67686
-95010 74299
-52380 -79748
-67279 92657
-78517 -30314
84176 -95411
-66062 31423
89919 -6800
-54872 99575
-63633 -78883
-85148 -78290
21163 88626
-26181 -64869
-56768 6287
-86617 -67327
40155 16244
-19916 -73346
-45534 93205
-40742 -32945
-85607 98780
99853 10142
63696 -11726
99647 27811
11352 -94616
35056 86736
31934 83946
-40736 -33769
-88957 -24847
40405 8538
95400 43494
14807 51075
-96643 90226
50757 27040
26419 31299
-94678 -59052
17755 -26455
84178 -91300
-69902 72064
-8331 -3011
38924 28652
48881 16046
33750 -56001
34113 89757
50996 -22923
-21628 24936
95284 -78499
24424 53
25419 -1259
-30914 18651
-91503 11234
42531 3366
-14541 -59863
-57416 53319
-36386 66532
36924 -45544
39791 18577
-1238 5134
49731 -78514
-1561 13529
98690 -37733
-93420 -52941
32625 95104
-82078 -84061
-36053 -78184
60703 -30595
-26771 87931
61350 66291
3853 -99230
73844 -12454
-48725 23594
-9864 -66643
46302 -29634
96989 -5190
80451 57890
-16808 52719
79005 84252
6078 -82039
4252 83603
-1365 82466
13448 -46956
26476 -73603
-21510 25606
98784 -12740
53953 55389
-29632 -75703
-8990 -62953
19101 -35148
64438 -80951
17082 -65067
-85570 57609
66971 -23979
62495 39155
25941 91835
26156 71990
11406 -62337
73257 -75463
48600 81022
66836 85523
-86852 94129
-15678 37590
23123 -76443
44631 71278
78686 42804
-16125 75622
15551 -82852
49462 -92797
7211 -15214
-51525 -67585
-22456 -22181
-60753 16969
92921 20235
-60116 -33744
-6539 5688
95272 67507
73115 79442
95466 55852
9846 -11923
91540 -37499
71218 73322
12273 -85652
-9162 50697
-64049 -35810
27442 98103
-15394 13298
82638 11622
-63976 28010
-3153 -65389
85792 92070
46343 17201
45458 -3752
25357 95566
96987 -81779
76414 24328
16615 -78678
-56106 86923
94957 34786
-88128 31978
23779 -58481
56959 39187
82763 46460
-80438 -7778
85545 -40569
-5648 41462
41123 56150
78472 -17353
13016 12375
-70550 75496
53880 -28799
-93740 -9603
31913 -52669
-69558 -76485
-91323 73953
-67009 -78041
5578 57715
57949 23652
79758 -54285
54241 36593
-2808 70962
27476 19074
-64295 127
81248 21449
-77366 -56244
36221 -90340
-34139 93707
25196 22893
52955 294
-74094 75303
21839 -57451
86416 67720
5302 -56256
30929 -61448
27076 -36749
60211 -69519
-85504 -51661
44634 22494
-57465 78657
55734 -67111
2681 26382
87152 34513
60346 22088
-95527 -97049
99394 -85661
48795 -21984
45739 -52793
47692 48833
45300 -21084
13755 -33600
4927 -37093
-87731 -76249
54410 37687
-33139 -77955
8716 -60928
35183 76725
-64727 -47004
841 82663
56892 95321
77702 -70109
72390 56927
-92411 -90417
48093 77244
-30015 9371
23055 -63635
93004 -36173
95180 18984
90620 64777
445 70999
-1537 -62810
-50523 65152
-36974 -7392
4253 79077
55510 42183
79424 -4066
-46373 98752
-85608 -6507
79090 27180
34866 -14963
33263 -11027
49728 -78948
32974 83634
33373 52025
24667 -95055
31568 95329
12675 -87704
-16728 -75246
59263 -16126
92118 1277
88184 18058
-49316 53438
3413 75173
70848 12803
-54098 -261
-84603 43653
54983 58094
28454 38259
-33708 -64242
-99410 -88603
48729 95237
67953 -2511
-47262 -21718
8257 43804
88112 -46036
-53172 33799
-53489 -69619
90564 73853
53943 50480
7071 67380
14385 -90072
-66206 -64146
76160 15766
-72257 -14746
62228 -10264
6248 36850
58448 -66273
-29666 25088
29029 -69063
-46231 56058
-60406 21469
84932 88402
10350 49966
25893 -33454
20957 33560
18690 13
37898 -7111
73039 -60811
-76591 -35730
64760 47740
-24164 -25273
33564 -85381
72253 62654
-62188 16906
146 -18501
99001 72594
-75738 17832
-13750 -11644
-26094 66780
-57462 -25700
-23085 -73807
-74292 28083
60779 -85840
-43480 7091
33446 59036
-99579 -91431
19253 -84261
97060 -26151
21928 -61756
-32168 5521
-54381 88469
