2000
-1589.728 1061.169
-3263.928 6047.322
-4468.88 -4889.057
8391.279 -1349.887
7638.098 -5268.097
6393.962 -7106.329
5020.173 4515.646
6889.655 6559.083
1715.385 9620.807
2876.807 1777.122
-9334.146 2281.854
5784.524 -4554.11
5579.051 -949.149
1779.277 4286.726
4593.307 6456.9
-2553.371 1634.333
-1660.45 1091.594
6752.545 -1606.565
8404.684 8970.658
-3976.965 4458.415
682.592 -7911.444
-2155.076 -6628.605
2748.132 -1583.052
6621.004 8724.146
-9058.352 347.451
-5355.767 -609.767
4821.188 8597.822
-4522.54 3502.702
2970.806 5488.87
-9032.435 2526.235
765.727 1186.067
-7887.013 7766.062
6527.89 93.589
-3655.151 9139.87
-594.6 1514.143
-290.811 -2346.871
5999.735 -6196.658
1566.665 -7232.387
5489.264 -1925.392
-5210.138 7337.599
-102.607 122.291
-1150.589 5407.547
4704.688 -4173.555
4709.706 533.336
4540.543 5693.828
7151.991 -904.053
1514.772 -4062.879
-4826.148 -9946.572
5367.081 -4467.19
4625.715 -2841.824
-7483.205 8785.282
1316.342 3236.582
-1085.005 -302.862
3797.861 -9849.182
6772.918 -5570.261
9391.959 -9286.07
3715.78 6863.394
-8256.012 -9916.408
-6613.389 -625.718
9395.48 2240.32
6439.861 895.332
1358.267 494.075
3693.863 503.5
-4828.511 -9528.628
9016.454 -3039.711
3845.849 -4511.891
-9135.597 5999.338
213.179 -6246.775
-2357.222 -2952.103
-2431.296 6515.676
2658.365 8580.484
6165.255 8070.541
-9166.792 4435.078
-8910.951 2089.31
-7266.935 1615.295
3882.368 1963.21
-2963.913 7069.587
1447.836 -7446.023
-9582.815 4195.27
-7958.27 6739.165
9382.95 -6674.098
6481.013 -1287.226
-4313.147 8741.049
9581.156 -7754.615
-4373.069 8913.871
6372.01 -7117.324
-7779.992 -2887.121
-3209.269 -9337.212
6012.162 -2547.148
7291.897 -3569.571
-2202.694 -7814.922
-3897.587 5165.036
-218.959 -1769.975
7433.725 -7611.752
-7674.122 3916.914
-8202.191 -8827.068
-3144.321 -953.323
1612.995 5962.337
634.108 2604.082
1606.797 4267.412
5655.231 -6371.116
-6016.566 6737.69
3086.455 3568.534
-1055.11 -6234.737
-4130.606 2938.303
7705.705 -2741.803
366.433 -6469.721
6648.761 8320.989
9474.481 -4811.512
6805.862 6748.035
-8971.317 -3278.617
-5646.367 9489.87
-7953.608 9963.846
3626.754 5443.173
1241.37 -2065.953
-4931.206 -395.488
-6358.166 -8305.915
-2767.622 -268.555
8643.857 5672.473
-9427.523 -4656.744
8700.685 9503.42
2741.61 1837.065
-6148.003 4658.621
-7797.946 -1253.136
6988.877 -5347.59
-6318.433 -5553.874
2203.257 5039.244
3873.123 -1970.945
-1615.15 8797.376
2333.016 -8180.639
6156.555 -6247.464
-5093.542 8156.918
6123.962 1731.805
5919.828 -1320.274
-8948.421 9833.551
3827.387 -1672.702
2397.319 -4034.427
-4503.744 -2557.411
-8453.693 823.378
701.855 4783.474
-6540.067 -9128.572
2379.635 -7490.146
-4029.936 687.918
-4783.159 6081.844
-3147.916 9184.031
-1318.976 8729.124
1176.118 5065.946
7483.912 2874.154
321.767 7939.482
-4746.866 -6262.062
6105.393 -8178.031
411.879 773.786
-5102.552 9533.295
-271.767 1532.957
-8750.595 -305.763
-988.617 3167.039
6716.577 1524.498
4824.214 -5376.786
-4279.161 -4398.232
-2486.248 -1779.074
-287.489 -7734.891
1802.245 9550.55
34.566 1883.844
-4063.864 -7213.416
9618.656 4973.734
7949.273 -5578.933
8919.713 3301.074
395.274 4345.88
6256.543 3585.007
91.244 -8520.779
-8098.849 -1609.741
-8759.11 -401.558
-3173.695 9878.118
-5836.22 355.031
-1798.676 2368.917
133.007 -7376.413
3691.67 -6330.082
-8360.907 3953.18
5874.624 -2190.247
9511.109 -1335.96
5800.775 3538.549
1801.003 9200.443
-9502.032 559.047
7797.475 7675.138
-9258.158 -4553.754
4985.489 3083.771
-7120.114 -9088.914
-3917.006 1257.801
2110.419 3882.497
9799.783 -7366.894
-6505.638 2581.809
496.85 2647.86
-2432.223 6651.171
7757.773 6133.481
-4414.3 9004.121
1442.817 -5321.407
4163.328 2665.636
-7231.44 -7275.666
2859.931 2258.903
3261.48 -9371.141
5529.41 9511.889
2838.57 -3235.85
-7401.028 -4816.375
7137.844 782.541
-7167.209 6766.59
-1119.011 -3708.101
-6258.189 -1040.735
-9829.304 -5972.882
1661.615 -7095.739
-4394.926 -3125.575
-3205.793 2018.137
-3880.918 -4329.212
-4698.32 -1667.001
-7596.255 8843.815
-7940.143 -1741.083
-9625.119 1772.059
-3504.858 6021.206
5096.511 812.596
-1610.776 1385.033
-2234.347 5579.516
9753.728 -8577.144
-7630.986 9649.428
1383.189 9781.59
-3400.085 6115.748
3418.797 6024.533
8498.326 6470.287
1074.307 1532.099
9828.888 -5387.547
-8955.754 7193.887
-7197.239 -3132.582
7886.804 -8230.08
-5368.355 6631.608
6922.731 6711.513
6067.536 -1765.134
-9603.69 4461.342
3789.87 2271.703
-3637.622 -2079.289
5364.724 -560.023
-5838.125 -4251.89
6227.369 -8257.809
-6357.752 7296.068
7898.747 2646.031
-1536.842 2154.205
7741.764 4035.448
2570.958 -3248.063
6214.649 5644.029
-9511.391 -151.401
-512.793 8091.38
-2835.864 -1937.842
5427.095 -2442.079
1657.225 -7190.102
7236.477 -6810.147
-7518.515 4471.491
6855.193 -6829.421
6640.931 -6970.752
1852.589 -7443.796
1457.945 9685.595
7789.179 -1539.236
3691.724 7635.95
-9537.104 2488.409
7078.97 -8571.115
1085.163 7479.93
7295.579 -4422.019
7989.307 -1632.654
-9402.742 6238.558
-4876.026 -7536.327
3038.84 8464.368
-2904.652 -9011.847
-3293.664 8213.943
4690.822 9815.609
-1242.124 -3162.114
34.522 4989.725
-631.762 4528.972
-4816.212 -1036.09
989.835 2050.912
1999.794 -1836.776
5615.19 -4503.966
5271.51 -9198.092
-4573.033 -6155.833
-6852.486 -551.373
5761.345 5613.089
3841.353 3527.027
-4555.372 -4589.346
4812.563 5359.475
-2469.502 5464.498
5893.266 -3801.491
276.037 -573.213
1141.064 702.123
-2116.324 6210.822
-702.179 5076.319
2572.075 2649.925
-8231.787 9481.394
6451.269 5843.501
-3024.308 -8015.837
-481.927 499.799
6342.245 752.767
9056.151 2028.158
4479.272 -9542.857
-7354.733 -8805.516
4152.712 3630.526
-2221.325 5251.605
2237.81 -7768.616
572.552 735.584
7599.211 6537.5
8164.979 -7811.828
1228.215 7706.588
6803.124 -6789.224
-4577.503 -5695.615
6205.252 -6591.795
-970.058 -3814.829
-2731.349 -4696.198
-8172.662 3920.913
1621.815 6428.411
-1478.887 -9727.204
-6075.611 1347.99
-5100.327 371.923
6691.159 -4043.749
1003.948 8120.582
5421.057 7200.849
-2913.501 -123.595
-904.501 9272.493
-6592.135 6995.013
-744.878 1005.919
1843.89 -5417.895
448.74 -8239.973
9902.924 2060.581
4861.453 7428.832
8937.121 -2064.572
1643.814 9913.274
-3761.892 8.886
1342.694 -3423.033
5141.287 -6871.771
-8591.146 4588.45
-1339.316 7676.953
-7671.488 -4025.875
-1305.925 -7581.188
-2026.268 -2151.797
2268.448 7747.279
9011.662 255.781
7774.564 -3216.85
-2852.432 -187.457
6050.312 4940.419
2641.426 -977.968
-4779.419 -8508.847
6688.416 3823.876
3675.97 8744.605
652.781 308.375
-411.294 2755.288
1831.405 -931.132
-304.008 2926.971
8243.784 -2688.873
-1133.385 4497.859
8827.358 690.702
-5050.701 4879.341
-254.731 -6254.3
9557.568 2912.517
9317.443 4337.329
1455.841 2160.612
-1057.903 6063.62
-9106.361 7955.805
-5225.366 -5820.282
-324.395 9194.321
4143.049 -7696.967
8604.514 -5099.416
6919.451 -3796.142
8779.628 -2899.444
7872.636 -6124.342
-8856.451 3243.29
-9135.098 1894.846
-9275.343 3891.832
-3550.19 1588.809
-9094.424 7288.11
-4001.669 1656.6
6322.602 -1048.598
-9906.543 -7969.35
6558.416 -2356.274
4306.142 7715.36
-9485.169 6459.551
-7692.407 -4584.247
1091.995 -6579.026
6824.34 3568.331
-9373.233 -8638.14
-1573.245 -912.373
-3330.464 -3447.318
7260.675 -9670.75
-8733.038 -9312.736
-256.889 -5809.361
7119.776 -7905.04
4793.392 -5845.136
-4193.703 7953.625
7315.243 -9809.912
-5072.922 3657.925
-8553.051 -9098.167
4166.601 -1939.562
4500.919 7394.107
-437.715 1993.265
-4402.028 4968.171
5324.145 -1182.622
9324.252 9316.092
-9781.049 -8430.365
6115.008 531.21
-1520.832 9020.256
-4007.589 1402.203
-6577.152 8203.896
1244.996 3501.674
8578.532 9841.868
-2647.748 -3685.783
-8979.71 9062.216
773.54 780.688
-8242.474 -7191.608
-3418.191 6743.082
-2876.51 3371.996
-3811.452 7289.612
-7317.35 -9119.608
-4036.341 -3900.498
5626.508 6028.901
4985.913 6088.778
8067.343 -9679.789
-5677.586 -6644.862
2237.582 -9157.613
-9331.669 -9539.924
-4974.065 1206.563
-4897.146 -4612.068
-378.015 1806.479
9304.675 -6394.39
-9785.924 9733.579
4793.564 100.688
4061.614 -1373.384
-8462.254 7284.607
-4975.872 -8636.53
3952.25 7653.55
7599.365 -7541.694
4748.624 1996.096
-2749.284 -3582.576
4087.652 -4667.466
-4273.496 52.748
-6373.009 9272.418
-6567.466 -6471.885
7389.854 5149.49
-8206.396 9323.671
6548.034 7208.514
6027.675 -8266.58
5706.379 144.434
4253.004 9010.034
7867.828 -6427.13
-1363.117 -2664.891
-1237.506 8523.73
6731.437 727.016
7654.346 2658.82
1517.425 -4618.032
3327.367 -4032.507
-9168.683 -741.987
3053.387 1396.71
7877.138 5756.096
7998.284 -265.917
6560.783 8623.453
203.046 7368.584
-5060.717 8372.225
1243.854 1029.243
8758.288 -9867.871
-1494.882 -2500.127
-5355.374 -4978.022
318.36 7296.678
5922.498 5845.542
-9544.698 -4084.124
-1954.168 -3161.518
8136.614 -4678.537
-3908.236 -2116.932
-2059.505 5980.042
-5551.299 -9821.243
158.0 -2977.59
1053.236 -7222.48
6466.027 7186.201
-1710.706 5522.974
3703.454 1726.653
-4642.472 -4963.547
-993.369 9337.296
-1556.61 -9347.618
2233.206 1770.066
-4190.644 3786.87
1855.532 1267.853
6027.483 7648.584
6168.735 3103.234
3087.15 -2924.67
1045.825 1150.133
-2376.935 -9656.127
-7058.756 -3535.687
2392.903 -7636.473
8357.751 3954.135
7064.755 -7913.378
2940.694 -8577.029
-9697.787 -1863.609
9190.154 -8835.182
7817.655 8909.225
-4601.386 -7880.374
-5971.928 5924.773
-4701.941 -9159.126
8839.479 2574.588
-2516.78 -5720.801
3267.065 7361.946
-5254.269 -9506.694
1844.875 -4121.889
3438.459 -9871.326
5116.211 1932.552
-3164.462 1518.167
9606.315 -7237.962
-9623.489 -9744.904
8582.342 -3797.659
468.807 7561.928
-3375.536 -2462.747
5639.917 7048.495
-3513.289 -8705.713
-7782.701 1101.608
6262.658 8744.939
-1233.787 7820.001
-842.176 523.816
-9261.987 -3356.493
1037.743 -9028.515
-7093.462 -5371.72
-7957.262 9307.49
-9452.596 5369.118
1714.698 -1862.99
-2610.792 -3459.222
-5328.458 -9840.633
6104.55 -2554.518
297.288 -5320.752
-7801.241 8003.722
-8137.229 6493.756
-8792.177 2864.714
-335.104 -5468.945
8167.27 5980.693
859.165 5762.053
8485.162 -8516.498
-9246.318 -283.513
3667.647 -993.583
-3815.257 9578.202
-2742.464 -423.332
-2769.836 -9526.699
-5848.062 678.777
-2397.394 2915.25
-2418.665 7904.9
8138.8 195.02
7798.754 5480.916
2760.691 8807.631
-6497.717 -9790.633
2912.002 -4139.195
-5265.77 -8042.163
1190.839 8272.379
-1077.891 -8815.57
9362.897 7771.025
-1279.192 3530.821
2241.857 -4177.545
-3174.909 -2281.215
5016.865 2748.162
2427.387 -7764.232
7916.146 -5571.511
-7463.86 -3229.981
8613.001 1990.125
-3931.114 -5510.312
-7851.95 -6652.203
-5799.473 -5907.783
5775.059 7199.218
-4798.192 -646.693
-7765.522 -1642.017
-7105.764 -3617.093
6940.246 819.883
4766.004 -2628.1
-3386.905 -3108.627
-8166.893 7111.571
7974.612 -2843.04
1386.211 -9201.7
4771.516 -7051.005
436.507 4826.194
8063.144 -1126.363
1128.633 1170.847
-9101.942 -1263.583
-734.561 237.661
-3205.456 -3873.814
3251.453 2809.178
-6318.94 -4024.706
-6917.209 -6139.809
-443.48 -6846.961
-2732.981 -4930.001
-8838.958 2674.36
-6898.811 -1373.83
-2713.481 6878.87
4710.279 -1823.1
-7151.805 5985.447
-3361.92 -7330.633
-9101.438 3085.33
9766.472 8659.025
8577.526 8219.622
2532.532 -1508.26
-9241.611 -8610.565
368.902 -6407.555
6346.352 1524.45
-273.854 -4814.894
-6924.369 2249.092
5785.358 -6438.453
-9813.016 -1063.888
1485.195 -8941.18
5305.53 -2069.679
6624.077 1767.834
9000.253 3610.845
-2604.368 -6432.984
6410.336 -3570.892
5783.937 -2007.347
6410.345 -1250.275
7106.255 -8518.565
-2886.638 -6230.887
2271.869 -6739.009
4664.299 -4643.276
1180.39 -6254.143
4552.556 8015.34
-5155.959 1778.182
6021.593 9357.431
6084.7 5106.936
-7777.305 -6550.143
4857.419 8699.525
4832.586 5910.298
-1681.06 5450.68
3073.696 9968.228
9158.99 2106.58
2481.024 -1988.413
8836.439 -3430.989
-5097.994 -5998.977
-2707.101 2673.148
-4815.123 -9135.73
-9601.902 -237.678
3240.81 6178.735
1478.558 5375.747
-7994.42 8893.319
6858.641 -942.733
-6557.448 -981.042
-5751.448 -1625.465
8859.149 3492.126
-1898.306 -8587.987
-8750.722 9349.662
-6959.454 -2588.948
-8949.78 9212.551
-958.76 -8831.777
7610.811 3246.119
-6549.062 -54.086
3610.434 -5141.722
-315.172 3105.454
7418.985 -6527.413
2323.742 9807.546
2576.036 -7358.039
-4120.908 8127.926
-4143.388 -4375.75
4230.149 -722.826
-9126.49 6100.557
-8619.193 6774.901
-5750.046 1579.072
-9301.426 -8571.909
-6215.504 -2638.722
5167.11 3314.451
4745.259 -3152.153
-3511.573 3129.294
-4569.907 -5995.739
-28.509 7481.065
-6008.96 -5202.36
4006.113 -3799.887
-6095.439 1478.74
-3634.08 -6855.718
6686.241 -3439.303
-6021.636 2418.182
-9398.158 -1033.572
-8733.333 4240.935
6870.414 -8889.719
-386.651 1883.283
8575.376 7636.182
-9297.819 7036.939
-9944.48 7719.596
5646.65 -7683.685
-5534.642 7469.662
-6876.013 -6785.859
-8311.889 -9436.395
-2122.341 3280.868
3589.663 -1656.685
-2563.995 -1783.41
9260.104 -9955.076
-6732.717 9417.744
-3374.842 9985.03
7084.446 6360.619
-3147.933 6969.048
3224.979 -703.185
-2601.63 -1496.438
-1170.203 5685.714
-9636.566 7856.065
3594.324 4044.083
53.188 837.469
-3948.217 -5558.57
-1031.906 6017.381
9741.769 -8155.651
-2287.122 -8736.513
-3281.6 5066.235
5057.867 5777.17
-9726.221 7160.947
-5849.05 2745.93
-8267.366 935.522
-2478.762 3120.878
-4072.513 2774.01
-4710.241 -649.831
-4895.878 -5542.749
7257.808 7477.062
-4507.376 8909.231
-3792.26 1630.405
-8228.203 8239.028
7229.913 -6781.299
8821.055 9606.768
1647.463 7265.569
8989.583 4704.552
-5667.157 7065.655
4600.308 -3243.524
-5781.931 2180.379
-6629.599 -6760.149
-590.358 3728.355
938.418 -1144.439
438.078 5595.993
-8619.574 855.282
-6154.727 -958.086
7028.458 -8450.457
-5452.056 3707.156
-5065.211 7505.385
56.032 5408.673
-2763.452 7701.769
-829.069 4508.099
9839.131 -7626.488
3146.843 4261.665
5964.655 -5181.78
-3056.414 9557.343
-2345.889 3708.117
-6667.957 -5322.002
2441.217 3950.367
-6642.136 -9176.838
-4200.571 319.038
4236.746 -4213.835
-5793.785 -7290.167
-4091.941 709.079
1204.081 -7096.68
-7416.583 -9883.672
-470.147 -5803.591
-5909.966 5788.065
3445.665 -2137.495
-7474.736 -3308.042
-5123.007 3343.28
-6445.727 -6713.895
-704.238 -251.183
7706.357 426.179
-4904.841 4125.517
-2314.404 -9622.757
6204.777 -5588.099
-107.732 -4917.499
895.557 7127.633
-240.373 -8002.617
2721.796 2618.4
4777.321 -3506.123
5934.113 7694.603
6037.963 5059.448
1463.249 7865.637
-6077.279 806.89
-4311.246 8596.522
5087.996 -4273.043
-9312.494 -1968.918
-9502.18 -2940.99
9458.3 7491.255
9887.928 -8923.879
9326.047 -8149.323
1497.875 -1567.817
-1358.809 -2977.963
3571.776 -3855.232
7972.941 8615.032
-770.488 9793.653
-6653.453 3397.752
-1067.744 -66.825
3830.391 8780.227
-8179.1 -5421.224
912.186 6251.081
-2593.628 2080.655
-4376.509 8024.983
-1179.608 4160.794
-7629.848 -8990.761
-8476.569 -5977.353
952.453 2235.495
4539.278 9010.434
-4582.269 6173.88
-5803.58 6874.253
-551.459 9846.373
2538.392 9010.936
-7517.146 2797.126
7154.63 -2798.17
-8546.702 220.109
-7521.091 3827.643
2750.542 -4016.342
-2452.566 -8965.639
3709.154 -3082.375
-3031.98 9047.486
-1651.369 8732.357
-2135.1 -6720.189
6179.254 -476.82
6696.579 -3550.757
-9883.571 7099.906
5898.951 -1179.658
6993.102 -2844.493
-1177.61 564.688
-2468.817 -3060.198
-8203.443 -9427.309
4120.995 6577.558
5975.547 -9317.858
7647.792 -3680.838
-4599.536 -8437.937
5281.262 6742.349
-2151.905 -7669.653
3455.567 -2227.569
6360.476 6666.076
1269.759 -6388.344
8427.891 2447.589
1147.511 8879.824
-3799.289 5774.844
-3846.279 7110.663
4914.005 -9902.136
-1078.737 -3747.384
-9074.434 -3975.784
9650.398 5971.8
-833.368 -2470.902
4851.594 7097.912
-2938.958 -3563.29
-8725.948 -5081.811
-6818.945 4854.502
-5324.185 -5789.136
-4839.954 -2288.897
1150.635 6990.995
-1739.05 -3083.492
-7468.109 -1501.279
-8262.888 6048.631
7602.467 -6994.161
-5050.262 8337.935
2885.768 -3297.699
8425.047 4224.543
-1353.296 -2898.979
4903.969 -8227.441
-5307.795 5827.852
8928.131 -3008.34
-2005.668 -992.442
5631.551 -4956.428
500.367 9839.306
2879.962 6263.91
686.646 5407.319
-343.202 2868.824
4159.617 -7608.25
7540.079 -6653.937
4238.928 -666.212
-8210.935 1566.59
-2563.693 4635.114
2272.731 5727.152
-1614.667 -7212.314
-8250.537 -4710.391
-7125.887 -6635.256
-5883.15 -6664.186
2646.246 -3317.682
5200.027 1293.852
3963.92 -1866.359
-7585.766 -1308.517
-3157.043 4987.905
-4377.251 7917.695
-3632.92 -8637.915
-4396.881 -20.438
-8441.881 3522.394
4723.231 -1276.849
-9112.778 9745.115
-6532.57 6857.538
-1360.422 -1187.4
9201.033 6230.31
2465.45 -6862.744
-5530.385 604.004
6368.942 -7813.111
7565.487 -9574.027
8822.689 -8006.443
-5139.119 6501.266
-7906.358 4325.705
8060.719 7108.461
8240.084 -3223.082
-5261.705 1710.475
-1976.569 2866.097
-2815.341 -908.599
-5702.852 7975.436
5982.778 1151.572
8149.157 3616.576
-9975.238 9373.589
-6866.399 5399.56
-695.661 -2997.646
6027.082 -1560.074
6908.96 -3969.554
-9125.803 -1381.824
6522.364 -6112.341
5360.126 588.043
1821.421 19.942
4761.432 2975.923
6064.094 1012.984
60.786 -1824.077
-7768.453 -827.166
212.002 -4464.294
-4970.259 6679.18
-1449.154 -9285.658
4670.997 -9656.644
3267.626 -59.399
3914.088 4722.582
5513.262 -181.131
-456.715 3609.304
-4737.948 4484.514
-7566.994 2683.486
6540.444 9067.233
-1559.682 -5860.063
-2674.797 5007.31
9094.697 -1538.694
1539.158 -5078.36
6209.82 8493.131
-6490.289 -5519.46
-1612.46 -8200.76
-8437.882 292.774
-4505.45 -5949.265
-5950.085 5709.254
9590.765 8459.054
-8894.755 -4401.001
6515.346 -9361.188
-7197.628 -2167.639
8674.114 -3244.032
-9232.763 -5562.519
-7265.521 5446.915
-6127.674 9339.076
813.893 2708.229
-3957.51 -1376.886
-7720.521 -2202.351
-2711.669 -3141.173
9616.429 -1653.229
-7822.197 7600.855
-420.273 1557.026
7783.249 -1340.201
-1727.57 5210.814
3129.897 -8273.118
-5513.213 4572.683
4530.581 5775.548
-9477.547 -1970.83
7194.185 5132.169
-1485.204 -1244.329
3479.052 6344.57
6074.514 7567.808
-3031.168 4454.952
-2430.475 9890.047
2617.214 6494.34
3531.244 9708.875
2080.869 -5715.629
-7606.977 -3514.827
-5436.799 -8943.999
-6191.21 9068.109
-3930.156 -9675.678
1027.76 907.422
-1456.826 2543.3
8693.111 7116.504
-1548.399 -8824.856
6794.068 7929.512
2504.606 -5858.253
2336.98 6991.638
7709.988 -6497.842
2142.922 -7395.478
8677.319 2949.538
751.838 -6848.621
4418.322 7973.459
-611.664 2490.866
1775.076 -3446.966
-4783.942 9106.751
5734.331 -2547.654
2672.423 2409.643
-5274.336 -1593.68
-3743.647 9794.11
6795.726 -5283.896
-7653.763 4825.108
4029.794 8964.321
-9417.083 2107.632
-1255.88 -2309.52
-4969.676 -866.726
9142.674 -8890.89
3294.725 -975.226
-9430.449 1644.473
-9621.662 1111.112
9627.389 -6126.89
202.89 6632.366
-133.182 4109.128
1392.286 -5281.25
-2586.091 1996.475
3128.646 -3719.594
1595.431 -1011.683
-3213.577 -5766.947
-9577.961 -5785.709
-2413.015 -3432.918
1331.021 -946.715
2965.14 2247.231
2903.639 -5396.024
-2287.974 4525.828
121.426 8777.614
-8461.001 341.26
5446.892 -270.428
-4613.697 -9528.948
7844.512 5376.276
7148.9 5217.321
-1410.159 -2901.007
-1948.087 3231.632
1702.825 3559.382
-7317.881 7237.566
-6967.084 -5172.328
9355.994 9802.151
3531.016 6853.231
5616.881 8387.961
-9516.16 -9379.5
855.001 -3751.165
5090.399 -7895.051
2604.425 7330.015
639.772 -363.209
-1032.46 -9956.306
-6068.163 3874.292
-4126.738 3931.376
4391.61 6894.983
3129.674 -8706.679
-9093.425 4044.591
222.148 -8852.931
9511.089 -4218.649
-4875.08 7344.072
7862.46 5501.042
8616.37 -4780.689
2374.474 -9145.71
3618.618 -5138.425
6147.634 8965.246
-1169.389 5743.859
-6085.117 2283.917
9791.146 9202.795
4155.125 -900.258
-4683.472 -9053.583
-5775.127 5170.338
-3366.54 -6540.895
2914.288 -658.362
-2343.482 5797.858
4552.302 -4671.209
-4827.893 6348.351
-1801.017 -4484.551
-964.318 -9404.579
3302.434 -9735.339
-1542.674 -9549.484
1100.049 -82.467
-5884.047 -1715.861
-9570.355 -8271.711
-6243.603 -9227.933
-3639.219 -8714.029
4380.637 2888.178
2468.906 -5549.643
2582.993 2520.243
9885.348 -9793.97
-2188.733 414.058
6015.775 -1420.015
663.717 1054.092
-1083.786 -1842.601
-5967.311 -9303.768
-3105.573 1811.866
2420.255 -5090.715
-8756.877 1964.09
5207.174 2297.322
8972.466 -7426.924
-2818.201 1183.704
3111.025 455.811
8847.051 -4544.599
8361.584 -8505.798
-7439.357 2833.892
-1446.635 7808.583
170.807 3366.874
7252.188 2636.538
9689.401 -7453.398
-1082.304 -1981.105
1695.296 -6078.489
-1901.723 3347.141
4833.588 9328.643
9528.955 9962.667
-9039.855 -1027.342
7129.946 -7170.582
-9895.034 -6726.026
8668.279 8298.115
-8760.643 7495.321
8267.859 -6741.768
-8604.004 8487.479
-4167.012 -1470.626
566.762 -8185.163
2035.904 -2847.186
-2806.652 -8293.842
-830.415 4.971
-2525.762 6034.637
5049.941 -4426.873
992.19 7137.472
-5032.2 -7567.949
8978.039 4022.616
8436.152 6685.656
439.689 -5165.445
-1423.988 -5272.994
-6830.25 -6848.961
8167.7 -4377.984
2244.107 9023.248
6178.321 -4614.937
-4715.551 -9484.679
-7214.144 -7766.106
5398.432 -6303.227
8356.045 8475.469
-9963.716 2741.072
1448.924 9832.973
388.156 -6109.397
75.22 3739.625
1522.691 -5661.181
3282.359 -8502.523
5278.192 7731.544
-738.214 -8980.258
6931.622 1143.497
-7116.343 2549.501
-3914.41 6972.655
-6046.002 -6755.894
1201.517 7272.167
-3587.283 -7910.921
1456.27 -2144.129
-3362.169 2573.732
-2463.102 -2512.516
2200.3 9448.26
-7250.187 -8687.461
3827.725 -6658.214
-1093.543 -5959.254
-3074.83 -3612.707
-2190.266 -7458.144
-1046.13 -3523.343
-8726.796 8305.011
-7498.239 4639.988
676.365 -3697.482
1611.541 3668.809
8293.606 1339.689
8622.593 -1493.765
6855.634 -5943.759
-4788.538 -4648.242
8446.445 -9577.414
7330.947 -8355.578
2594.498 -496.021
-1977.743 4310.337
-6198.881 3290.077
7016.291 -1616.224
3987.516 -9336.94
8181.893 5426.591
-6623.862 -5145.058
2966.992 -4914.506
-3411.27 3620.25
6626.584 -4937.534
4899.989 4979.773
2108.122 -9203.015
-4503.372 -695.379
-997.851 -1389.847
1439.451 -895.407
-4437.701 -8582.648
3039.426 -3113.23
-6593.716 -508.013
7484.421 463.472
1170.047 2148.116
4130.694 -8505.248
-8186.92 -4458.362
8571.382 -623.411
8400.68 2497.022
6254.67 -2240.743
-4623.916 -9571.676
-3364.325 7258.906
-5952.57 -2677.137
-6075.17 7055.79
-8780.673 8016.807
7527.503 -3335.043
6373.956 930.816
-9278.565 -2525.616
-6015.959 5838.632
-4805.187 -2401.044
7216.072 -270.706
-3641.217 -5889.776
7008.346 998.094
7868.947 -6983.346
2005.836 -5362.034
-58.127 -7485.155
-6582.353 -9203.737
4600.605 8822.24
9097.765 -1744.276
5727.861 -2884.203
6321.532 3057.716
-33.423 -3677.967
-6374.75 -9295.328
5652.939 8839.913
-4549.23 2447.46
-8338.566 2266.486
-3443.504 -1413.705
7692.475 -6611.738
4575.162 3742.959
-9080.833 2085.699
4696.467 4400.202
-7187.562 8890.977
3754.767 6133.334
2633.369 9314.892
669.079 -6452.845
-4882.29 6614.378
7164.11 -8461.882
5944.964 -3160.548
-8231.114 -2013.979
8889.193 -4401.481
-6523.988 -4068.388
-6752.581 -1685.207
3703.198 5046.646
-6840.517 -6928.953
-8432.184 6942.112
-2562.595 7776.007
6398.683 1111.716
-2163.547 -4892.791
4383.495 4387.798
-7524.754 1.6
1576.304 3935.489
-1221.081 9446.19
6660.697 2559.246
-8322.428 2342.266
-7371.01 9590.135
-4383.289 4941.668
9671.626 -4791.587
-2554.607 -7242.734
90.742 1489.356
-7767.122 -8996.455
4808.568 -8054.77
8305.488 -5152.783
9164.083 -2072.294
-8488.197 3296.29
859.949 9649.757
-6799.9 5068.353
-7321.462 -9934.689
-9211.855 6176.932
9880.649 -832.046
-5765.073 -8359.067
-5736.159 -9049.437
-5341.579 -8161.36
-136.742 4392.908
-3990.952 -1777.503
-3632.036 3848.604
-617.083 -4384.904
8361.839 1356.761
7501.513 -8103.344
4176.168 7702.414
5945.65 -5703.057
-5010.148 1143.403
-1560.401 -200.212
7494.258 8714.823
-4521.062 9427.331
6448.566 -2176.288
-8032.225 8566.759
2999.992 -3861.711
-6363.729 1959.644
-1468.521 370.283
-7770.385 2298.459
1335.399 -5052.267
-4793.778 -1984.169
779.707 -2303.325
-3261.838 -3612.765
1822.694 3648.257
6403.34 3814.072
-6793.641 3391.5
-8301.457 -3487.409
1389.621 -7418.239
-9194.203 -1482.891
-6884.934 -6545.836
5967.791 3275.756
-3054.36 -1761.773
5735.405 -1553.245
7609.176 -4973.987
1583.33 509.879
6855.58 9532.139
-7508.126 -658.654
-7188.615 7324.542
-2608.355 -4411.809
4350.063 -9372.468
-1992.79 -7466.077
4655.817 9648.813
-7757.571 6264.801
7403.892 1942.193
-8606.684 -9185.243
88.404 -9691.119
-9884.691 -6692.75
2944.573 -4024.01
-8457.265 -5300.096
8378.845 -9643.135
-6248.89 -9358.227
-9327.658 -7162.876
-8796.113 -3874.187
8809.03 3383.359
2429.98 -6616.964
2586.336 2949.697
5324.775 7611.167
-5838.469 -9124.593
5462.908 7917.648
-6997.384 -2491.545
9540.649 -6117.691
-5304.315 -1359.442
-8315.139 -7462.604
9061.577 -866.864
-4497.453 7300.133
-1052.657 -3926.875
-249.647 -2435.766
-8913.896 8278.788
-6751.896 -3545.105
6805.007 -9021.616
-3885.594 9145.573
6860.573 -6297.843
3950.666 -9547.685
-4398.112 6557.68
-7922.223 -5420.882
592.738 6179.493
-3996.26 9201.499
-1689.064 924.794
-374.007 -1003.835
1891.642 4817.594
5740.462 6973.727
-1339.095 5443.53
1518.402 3433.592
-3028.465 9927.646
858.941 -650.887
-1078.524 -5803.275
2448.138 -9502.205
-2653.764 7485.018
4139.191 8811.977
8958.756 -8972.592
6244.544 8721.273
-4846.24 -8694.075
7460.454 243.261
8167.673 7355.115
7198.279 7778.458
-6537.987 6015.196
-4413.26 5487.896
-8418.798 -7704.555
-3580.183 -118.763
705.325 6114.604
6868.056 3196.452
-197.957 -4610.948
7421.935 -3934.248
-9246.122 -5191.627
-3519.893 -2494.875
5897.01 6128.524
2209.013 1059.101
-5817.377 8127.954
8902.938 1323.982
-153.29 -2677.29
5350.585 -6580.897
-4039.718 8467.047
-3293.203 -16.045
4807.304 -286.986
-9667.394 -8200.401
8456.024 -4036.014
-6669.295 -6572.978
-534.414 2637.184
-2542.327 6051.752
7343.042 8814.549
6794.54 6244.15
6177.723 8400.133
6278.833 9318.55
-9128.706 -4759.372
5289.098 -8256.761
-8745.746 6385.536
-3707.598 9564.715
2983.116 -8862.257
-3080.174 -9147.817
3224.506 9496.223
5782.145 -9004.022
-5936.734 -4382.452
4871.244 -1899.298
6633.415 3712.352
4313.359 -3449.061
7897.876 -1233.453
-4462.101 -9629.093
-559.376 7095.837
-3968.308 -5076.772
8636.464 9571.9
-2113.538 400.858
-5275.925 -9306.293
3543.804 -3445.064
-8598.745 -8435.052
7037.231 -8223.07
7274.919 -3573.337
-6262.59 -9826.106
-8671.76 -9454.66
6231.923 3755.073
-4589.996 -6055.931
5862.172 -6323.555
9819.748 3522.806
8696.959 -9575.03
-81.518 -9102.849
2320.288 1101.842
36.558 165.804
-4054.575 6762.618
-6385.648 -8009.044
2280.761 3777.847
8440.047 9712.592
-5824.49 -1185.088
1357.265 6852.342
-2831.044 5098.869
-2143.714 8975.808
4265.834 5252.168
8025.282 6026.652
3805.912 -6534.978
4817.475 -4665.484
5049.702 -9564.282
7287.982 -9413.798
9334.38 4214.519
-5232.957 -7374.089
4290.538 -2103.205
9766.835 2358.018
-18.134 8495.285
-2361.017 -3388.146
-8675.319 -4923.121
-9377.345 -853.212
-1911.003 18.698
-1710.902 -4556.948
5584.719 -3405.546
-8543.089 2542.358
-6552.026 -259.471
5154.866 2654.309
-8187.075 -9367.833
-860.089 9482.151
-5554.227 -5644.105
-5670.211 -293.154
1512.922 4811.191
-8377.883 3108.216
-6612.444 -3560.77
1936.125 5024.572
-4077.944 -6124.921
7554.255 1023.958
-5387.792 -2732.792
3887.396 7890.461
-1042.76 -8334.117
2639.475 -7579.994
5208.654 1651.091
9957.214 -4849.122
4884.101 -793.264
-790.528 -5009.595
-4328.004 -4869.669
9635.204 -519.313
5239.022 3454.062
-9113.706 2973.723
1630.128 4513.474
2984.268 -5161.616
4725.537 542.265
5352.58 -7297.75
9351.921 5846.332
-8996.714 6738.98
-1056.982 7179.865
951.967 7307.352
-5005.505 -5462.103
-4802.193 1514.014
-1755.924 7018.469
259.455 4120.534
5311.321 -1313.41
2920.998 1298.844
1188.466 -4636.499
9693.656 4174.944
6349.759 -5467.811
847.167 4426.867
9178.629 -7878.319
-1742.152 7842.098
6079.415 -6684.827
7155.965 6968.335
7046.627 -1466.051
2482.314 -9095.906
-3158.238 844.836
-9403.344 6154.958
319.106 -3873.027
7491.386 -4028.421
730.727 1090.282
6791.328 -6797.929
5668.342 -1204.25
1835.145 -9344.753
-6361.786 -6285.098
5418.963 -6341.662
-9410.524 -8114.024
3900.414 -961.095
-2713.963 9282.309
6753.846 -4831.71
5359.419 2752.392
4326.282 -9706.31
6021.931 -2804.729
2514.041 955.344
6847.935 -1713.63
-7341.459 -4459.238
-8412.257 -9622.255
-5755.298 484.883
-3869.555 -1646.892
2182.384 -5104.835
5475.796 -1545.093
-9556.102 -1334.094
-2303.968 8865.744
-8746.035 8124.368
4643.807 -619.187
-655.604 7550.517
-806.178 -3842.37
6828.308 739.038
-2257.169 2042.825
-1709.043 9163.982
-4492.471 -6659.793
5877.309 -8378.943
-7291.989 -5101.203
8132.536 5210.201
9229.74 -6306.159
543.196 -9556.1
2677.289 1442.905
7792.424 4533.125
-4119.619 6250.084
-1575.669 8322.83
-6565.891 -3075.707
-9979.482 -1713.236
-7863.252 -7074.813
6089.737 8553.309
2335.409 354.276
-53.513 7390.216
1611.241 -4736.539
-633.518 1531.911
7819.751 -1627.768
7801.459 1060.844
6682.626 9842.415
7892.951 -1279.351
5790.625 -4596.768
-5518.736 -6188.457
-2942.546 -9258.108
-4208.58 1699.848
-3987.991 -7044.048
-6653.835 7471.16
8914.855 -8909.909
9696.86 -1212.647
4068.847 8117.031
-327.507 -6300.987
9037.152 -7528.347
-5083.623 -1993.115
1771.332 -8092.454
-7995.487 -7958.148
-5195.948 -7874.801
7106.364 -6529.851
5871.166 9666.41
-5965.119 -7009.28
-7244.388 2997.861
4418.073 7370.001
-5842.017 -6632.503
-2585.535 -3825.137
1522.071 8458.355
-740.039 5799.382
-1552.931 4267.768
-7352.801 1766.352
-8815.658 9992.935
-4834.265 -4769.036
6909.569 5468.786
-5883.442 -6619.737
-579.378 7377.667
-4882.272 -3550.567
719.798 8731.544
6470.334 7537.503
9283.324 -56.281
-8023.574 -9776.877
-1500.436 3950.596
1566.461 -8613.151
893.752 -1392.706
823.727 -5338.667
-9352.325 9161.668
-1787.168 5421.211
1890.285 6042.349
-3270.157 -949.566
381.556 -4775.257
-5476.208 6726.551
8298.421 9951.237
5205.744 -6186.989
-1384.752 -9978.044
1546.962 -3085.459
-6486.098 7619.502
6783.903 -4462.971
1078.025 -4866.733
5823.239 1646.415
1465.959 -8768.353
7152.431 3810.513
2423.323 -3593.467
3238.989 9767.1
-4424.965 -397.144
-2006.997 6801.661
-9421.442 5577.639
-136.382 5340.088
-7108.613 -5860.489
-4692.302 1784.337
-5450.833 8402.932
2236.174 3375.812
4751.056 -2516.481
-4049.812 3450.049
-4182.246 165.448
5576.301 -9860.992
-4340.469 -8412.476
640.045 -8384.87
-2345.584 4563.957
3370.617 -4315.858
9723.118 7910.246
-3750.665 -7344.639
331.584 -4705.29
-430.83 -8521.619
9873.435 -9042.028
-3693.879 1547.964
-8281.283 7370.97
5919.488 4286.056
2433.829 9928.185
-4775.208 1715.722
8389.893 -3550.939
5132.566 -5351.015
-9157.006 5192.356
-4868.687 -9751.438
-6922.437 4469.911
-432.456 -7420.887
-3715.458 2720.183
-2846.719 9697.596
-6120.846 8903.812
7539.819 -5926.223
2227.307 912.296
-4329.065 5883.092
-869.81 443.046
9645.379 -3616.445
-6826.245 8906.571
8898.624 -9743.635
-9172.451 7391.742
-4316.724 3202.604
-9896.829 -6130.852
-6902.646 -4816.764
-5759.242 -360.67
-8342.319 9614.102
4201.271 -1800.947
-134.162 -6059.053
3214.707 5566.716
5158.63 5268.727
-116.58 -5188.53
4026.691 -5007.314
995.725 6598.704
-9785.061 248.955
-9746.648 5674.425
6646.178 6937.546
-8136.528 1038.03
2443.362 -4391.487
9386.38 -4828.173
-6890.855 9744.44
-6040.371 3183.918
-5654.125 -8481.96
7836.232 -4723.231
1831.969 7060.398
-9422.831 -761.038
5009.642 6957.712
-435.95 4803.047
-4840.409 7521.961
-2057.149 1558.582
-212.165 -649.607
9358.281 -9401.163
-7792.696 3001.35
1617.99 1121.663
3428.995 -1221.232
-1538.026 9386.815
-6769.974 -3929.944
-830.216 3713.37
-120.254 1661.977
3859.155 3594.78
2949.114 9143.586
289.713 -1508.9
-7530.143 -5638.028
771.059 -3971.904
-4916.929 -569.655
-8344.039 1615.682
9092.05 2420.799
5095.807 -1925.99
-3123.24 7022.465
-9724.565 3035.943
-8356.67 6070.869
-9586.935 -5936.514
-9557.633 -1231.767
-1221.619 22.654
6102.598 -4810.493
-3767.664 -5794.737
-1484.116 4682.763
8485.168 -7567.808
-6732.202 -1658.881
8689.019 9456.54
5005.819 5887.728
662.292 -6046.891
-4201.524 -4123.374
5111.298 -7571.984
-509.479 -90.443
4248.955 8231.955
-5507.785 1441.127
4298.143 -8502.211
-3059.015 -5536.951
-3822.389 7519.152
5829.246 3364.899
4677.725 -5449.625
-796.905 5855.073
-4177.892 -657.729
-6666.602 4766.747
-5623.736 -4527.716
-1593.979 7474.147
3245.673 -4335.196
7842.878 8207.22
4410.37 -9775.127
4253.661 -4323.234
3081.824 5953.471
-1568.947 -2408.181
4891.5 -8883.578
-3462.662 6051.894
2687.739 -7990.663
5149.873 4437.766
-1543.651 5569.554
3458.807 -6426.473
9288.197 6401.083
3947.782 9040.171
-9109.098 -48.562
-9878.968 -9905.614
-1269.069 5812.318
-3628.302 2421.411
3159.836 1796.396
-8608.856 4141.877
-1272.17 964.592
862.167 6332.326
-3042.501 3474.1
8330.425 6762.743
-337.519 -2270.07
-5625.439 -8969.855
7139.4 -5871.023
-3267.368 -515.076
-3987.141 -2827.821
5559.582 7049.589
-2281.185 8899.989
-2313.756 -2116.808
-8812.135 7468.877
-8757.427 -4707.486
1820.666 57.759
-6878.021 -4007.064
5349.428 5363.001
-9403.361 -2378.576
3886.092 9543.419
-2115.234 6395.291
8402.452 1065.956
-3890.419 8410.759
-1049.984 2924.724
4384.939 -7598.073
-6317.172 -180.49
4989.244 610.386
-9816.813 -3992.904
-3176.854 9474.393
5104.947 -6944.991
-999.807 1868.176
5730.233 -2405.928
-6383.988 -8844.491
9372.027 8231.049
-4049.03 -5891.733
1483.045 8206.625
-4703.505 2493.45
5814.893 1738.235
-7435.565 4436.988
-8235.688 6564.408
2037.953 -8969.096
1276.173 5492.511
9372.023 8478.716
-4857.778 7333.326
9058.548 836.658
2767.911 6904.71
4097.222 5673.351
-5684.91 7758.124
9329.247 -7913.64
-6696.52 -4214.832
896.508 -3286.507
-7897.487 6207.212
2760.477 1293.966
-1235.809 7929.666
6958.37 -1244.33
-2138.108 -6994.981
7266.976 -7641.87
-6141.162 4681.838
5861.402 7904.959
809.986 7146.522
6202.997 1114.607
532.527 -2097.917
-5573.137 271.843
270.78 149.722
8750.277 8880.8
9286.112 -9666.89
655.665 3778.283
-8480.848 -7352.162
6688.578 1921.408
-7715.067 -1904.294
-1165.244 8613.452
-5206.473 3442.809
-6057.075 -3088.968
-3439.584 -5627.157
5788.141 324.522
-2301.41 -1252.538
-8044.847 1280.853
2716.31 -3752.119
2943.954 5112.291
2578.792 1700.869
2592.841 -3571.183
794.191 5766.197
9753.565 -5590.594
1112.883 7897.234
4330.251 8723.316
3780.699 9148.351
-7398.219 -2119.93
-4066.635 -4020.789
7696.411 -4630.772
757.877 -5060.521
-8493.819 5063.626
9997.782 -1328.147
-5970.967 -7130.525
8665.377 4841.122
-6940.521 -4591.917
6557.486 4314.505
9989.686 -5997.881
-1085.355 -7939.191
2698.483 -2069.36
-5387.737 9117.152
674.733 -3361.62
-8481.453 7944.615
-2807.663 -5122.057
596.43 -3264.311
-8368.469 -8161.871
-6148.44 6249.444
-9334.676 -3111.224
-8073.078 -6919.69
1047.145 -9937.766
-7932.254 2920.101
1893.35 5556.569
8906.708 -1231.372
-262.627 4925.52
3951.266 7895.954
-3575.35 5702.272
1441.175 -4915.638
4747.715 -1596.898
-4626.051 -6253.37
6372.632 5752.87
5000.979 7698.732
5011.731 7437.837
-9854.423 6970.404
-1303.525 -3360.279
-4225.751 -4332.338
8048.945 -8569.271
4841.315 5922.311
-9916.263 -172.46
1187.783 7463.32
-504.887 -838.279
5664.019 2745.782
-7213.408 2884.487
4526.127 1136.218
-2011.938 3440.331
-4209.474 7620.395
-9572.247 -3340.366
7114.641 -5627.554
-7923.572 -6715.758
-2441.718 748.498
-9528.049 -8199.685
9306.056 -2091.128
-9573.206 -3190.522
-4577.833 7796.354
-3779.714 -8897.412
-5851.881 -7432.266
-6386.956 -5452.035
-3710.614 893.647
-4774.347 -5971.459
-6009.888 6403.376
163.996 6558.295
-2108.947 7996.171
9352.124 -4196.848
2323.748 9538.66
8651.21 7574.387
9059.47 -5705.084
8469.489 2787.539
-9013.589 6251.217
-5993.945 -2934.988
3240.659 7821.127
-2833.229 -685.545
9501.695 -5418.863
-9581.654 -4431.23
-4209.301 5791.424
-4456.852 -7861.447
-6254.212 -7224.774
-4390.362 -2582.206
5468.173 918.279
-5535.026 632.541
2595.394 -9198.209
-7885.691 -574.123
-1772.009 2073.016
-1851.448 3222.517
-4860.9 -8920.206
317.057 8965.679
6685.798 5901.513
-6564.071 -7524.125
-1455.913 -3781.198
3941.001 -7323.529
-9220.033 -3407.701
6885.044 -3277.544
-1107.775 6966.519
-2993.271 -6298.092
-9818.941 3328.144
-5085.218 7281.889
-1307.09 5790.705
-5418.786 1594.301
1737.477 -2988.768
-8864.789 -5475.551
8726.56 -7203.657
-6994.119 3385.594
-9796.347 -7945.414
-4342.295 -1410.629
-7136.773 -401.603
-8450.188 -1901.241
-5049.512 -7542.601
8004.698 6177.652
9185.326 893.789
5867.65 -132.792
4558.873 -6669.943
-5733.466 -4380.828
-2881.853 -5725.782
7337.176 -2381.273
4028.091 -7390.363
-9771.514 -6926.215
-1104.658 7401.7
8549.389 -4400.88
2766.303 9818.491
729.991 -9707.232
-5569.69 5874.801
6716.167 -5479.946
7414.798 -933.811
-8827.353 5147.547
-8355.615 -4223.129
9496.97 -9400.617
-7486.189 -6223.659
-5213.113 -6741.384
2847.868 8282.659
9214.512 5.292
-8885.494 5790.02
-9480.52 -1019.653
-8758.69 -9954.287
-6026.378 3111.56
-7046.284 -2049.48
1188.918 3311.15
3123.527 6965.641
-8202.631 -1389.317
4822.773 -8963.076
351.269 -9058.0
-2519.147 1236.92
-4776.068 -336.283
7231.947 9273.269
-4883.173 1537.507
-13.035 1305.766
3470.797 2602.472
-9239.178 1787.413
-1444.484 -8643.595
-5830.321 -6743.411
677.01 -6118.848
8609.901 300.021
6518.806 -7664.621
3502.636 -3765.699
-8325.817 -2607.423
-5696.713 -5990.243
-3441.832 -8076.049
-5932.808 9528.033
-8551.227 732.022
6156.364 32.385
-2888.39 2730.98
-1780.781 3357.511
-4516.335 -4949.938
-9879.628 181.166
9598.938 -5018.759
9916.645 -1833.848
-5439.559 -6178.942
-312.543 5198.402
-6895.893 -3504.897
-5609.949 9997.857
-9180.765 -6288.909
-1195.571 -2858.288
5914.903 -7675.599
3985.416 5173.611
-9497.008 9190.633
-4069.41 7944.596
-6204.478 -5385.613
-1753.606 -9254.206
-4471.682 9470.063
2912.698 3538.255
2324.355 9306.909
-991.077 -9815.381
6569.003 1134.555
-9805.517 676.067
-9609.406 -299.91
-9639.352 3057.02
-89.231 -4136.416
-6708.192 482.619
7860.319 5216.606
4796.04 -9940.766
-6395.214 7449.949
-7286.558 9826.466
-3016.691 7957.981
-247.436 -9979.064
