3000
176.368 1660.888
-6742.938 7065.6
-2695.024 -8972.507
7838.24 2393.289
5295.186 -4439.207
7636.874 4598.371
773.111 -5355.529
3178.423 7739.017
7362.391 -3249.239
2198.643 7475.908
5786.491 4665.754
5522.592 -7712.175
5564.149 -5883.204
2237.761 7478.227
8973.616 3090.822
-7781.253 9553.343
-7647.206 -8746.698
-686.539 -851.176
5566.852 3648.523
-9110.155 -7397.229
9193.762 -7648.292
-4099.665 1213.95
257.256 -305.684
-3929.726 5126.565
7799.577 -2846.725
8265.934 9200.735
6059.267 8445.712
-9220.478 1597.469
-1298.713 -5849.056
-3464.91 -7246.792
-1014.645 -9547.073
-6859.407 -4350.494
-8501.309 -4219.213
-2682.003 1788.774
-3987.412 -1292.693
-9673.542 5222.303
-557.12 9240.007
4254.541 2875.03
4444.761 4464.912
4774.43 -1429.663
-9324.078 4747.52
-3885.16 8708.927
6659.787 -8240.172
-2827.37 -303.153
-414.468 -7289.41
6821.835 -7864.204
-903.433 -2733.356
4403.272 -92.708
8771.186 -8889.765
-1332.297 -4816.739
-3991.533 -1411.704
-5999.234 -3471.694
318.956 -63.987
9319.046 1872.429
6603.812 5348.853
7717.556 5962.035
337.837 -1597.04
-2844.943 -3593.774
284.241 -9590.918
8505.84 -3006.096
-1754.09 -8304.28
8737.781 8900.61
-5615.434 5719.358
-260.854 -3008.965
3921.774 -680.112
-9404.803 3417.917
2738.648 -7446.347
5739.401 504.867
-7776.427 -2657.638
660.738 -3525.072
-7084.761 -4503.267
7030.655 -6129.287
7250.866 4820.402
-9274.119 2685.528
-2352.676 2369.135
6043.345 -3137.281
-3394.859 -9570.495
-8609.15 8561.82
-2800.098 -6923.265
4062.401 -723.474
-5020.966 -9200.416
7297.66 -3427.926
-4447.148 -4183.741
-6561.25 7147.933
-1634.219 -5523.861
6927.728 -4960.596
9482.731 -8165.576
-8029.504 509.539
4079.592 5338.831
-3667.631 203.049
1528.784 -4136.825
7687.749 -1800.494
7011.135 2300.869
1058.393 -1263.669
-5316.529 -2555.204
807.477 -3323.683
8895.907 6672.969
3816.036 -5774.211
-8054.379 9026.326
-27.638 9541.675
3754.456 -8823.726
-2894.361 -6018.028
-1867.362 -2933.289
3113.453 8341.459
-7855.76 1960.625
-8890.886 3363.234
-4393.026 -374.748
9679.853 -7995.71
1908.543 4510.466
-1612.112 6052.506
-5091.831 -8951.187
-7720.59 -7821.59
2044.415 -1958.931
7555.873 -8750.235
-8421.635 -5378.194
7615.844 5475.437
9377.9 1838.131
4444.738 -9824.174
5457.044 4273.044
1068.303 2435.394
-9048.302 4267.677
-707.311 -2785.288
-6942.893 -6157.789
2272.313 104.494
2926.884 9163.376
-1354.627 -7437.166
-7109.835 5636.855
-6785.387 9571.38
-8877.924 450.388
6478.666 1945.211
8153.517 4220.026
2088.992 -5048.496
6619.404 8277.386
1963.998 9706.039
5377.646 -4979.253
6851.191 -1865.824
-7416.086 2618.811
7171.072 -4235.779
-4870.28 -3319.05
-8118.075 9499.566
-9430.401 3116.561
-3484.115 9526.794
-7512.706 -1647.613
-9145.3 4028.826
7397.379 4146.932
-9458.29 1230.589
-4875.971 -8776.733
9079.637 6041.021
-5740.476 9718.573
4754.364 5330.933
8586.221 6236.783
3008.171 4673.525
7352.415 9341.77
-9158.649 -7632.282
-5514.825 -8248.193
8955.775 2986.974
-803.35 -4979.979
-9106.296 -3942.353
7307.439 -997.905
3030.77 1116.017
-3814.403 6014.026
-4020.555 8285.781
-5127.696 7904.92
1373.192 -5779.065
-2762.641 8369.443
7496.286 -4460.028
-3025.882 -5218.703
-4897.881 -4786.735
4168.257 4134.645
-1381.517 7666.022
3673.228 -5288.825
5777.191 -7128.656
-332.81 -5572.878
167.696 3427.381
4467.13 -5032.802
8521.666 -1542.655
-8420.974 -8438.585
-6190.98 8652.533
-1797.171 5894.362
-9024.698 5681.725
1903.703 -1204.33
7733.457 -6751.577
-1904.991 -5217.968
-5229.917 1680.67
-4225.468 -2120.533
-8362.47 -4044.541
4657.471 -2763.84
3477.995 6928.389
2276.411 -3513.952
-5631.925 2569.629
-7072.955 -9791.543
2674.298 5062.851
-8546.847 -4076.088
-7256.575 -3355.614
-7728.705 6545.443
3170.552 -4601.451
3574.281 -75.806
153.816 -5707.143
8074.009 -1273.483
7889.819 6233.741
6615.756 7282.302
7079.155 -5368.404
-1552.93 -6027.142
559.423 -3167.048
-5626.893 -5439.468
-5884.598 3457.92
6289.588 -3556.396
-3246.754 -4700.948
3162.218 2750.153
-6429.094 -4784.983
3598.805 -7128.057
-2862.88 2636.809
-3601.144 -3624.583
1981.116 1493.439
-9353.689 -8770.022
-704.879 5873.862
4000.5 -67.128
3324.275 -4358.914
3537.638 2322.311
6487.632 1151.804
8761.259 -8069.117
-1629.024 -1286.281
8039.727 3756.786
-9513.815 -5282.087
2106.245 -2111.662
-8501.586 3989.368
5522.991 -5732.46
-1304.468 5543.963
5219.199 -4514.285
-5406.077 -6274.57
4134.498 -9173.5
2315.414 -8422.246
2921.844 9935.406
-4710.188 -204.887
5376.98 -5273.079
5750.129 7701.918
-3484.641 9993.489
-2607.086 6082.45
8699.406 5676.53
-8290.632 -482.378
-6157.885 -1892.179
1359.644 -1927.478
-1869.677 -7827.916
8887.026 -3231.26
8837.961 5031.986
7788.099 -8578.568
7595.503 4216.131
45.341 3479.873
-2099.19 -2472.92
1487.712 -8107.112
-8850.245 -16.074
813.39 7875.471
-1901.527 5948.537
-5612.947 -7061.682
-8025.866 4270.948
-3650.302 7449.986
-1626.94 -8516.091
-2513.157 -4764.71
4904.672 1283.668
7353.87 8292.08
3344.1 -5236.747
-5999.607 5400.715
-7045.416 7755.269
-9556.767 4179.643
6033.593 7618.095
534.045 3453.275
4442.498 -5743.03
9675.418 6191.351
557.013 -5960.931
7920.431 -3902.349
2484.697 -8839.217
-510.929 -6790.162
6526.671 -571.942
3436.811 7408.945
-2450.796 5452.396
3332.517 8490.957
-4100.801 6983.917
-1009.419 -9697.834
-1357.607 -2839.158
4494.393 5437.915
-79.807 3775.385
-5253.922 8600.042
7185.549 8200.492
-6590.388 5444.616
-4999.644 -6421.025
4030.587 6439.584
8667.607 -4977.392
1089.579 -3766.427
-4082.497 -6167.453
7301.325 4632.506
-2305.509 8252.271
-9940.849 8129.065
-9665.301 -4394.871
-8742.292 4932.767
-2375.036 -4822.555
8394.072 -5345.956
6605.322 -7055.289
3001.466 -9020.192
-3354.707 -4929.592
3734.27 -4166.835
-1204.136 -8760.004
-6778.532 2696.647
-3443.056 2296.563
5875.065 -5625.15
-6749.514 7136.62
-6782.068 4601.016
-9570.901 8126.744
-3786.883 886.808
-6218.868 7579.039
8654.961 6463.506
5544.093 209.985
3293.79 2442.792
1326.376 -7095.587
-8854.734 -3055.704
-1645.377 3670.563
7400.708 -70.378
8842.233 7835.896
-6037.663 7692.805
-5504.471 1643.501
9037.84 -3879.156
-7538.116 -2869.428
3795.417 -4058.044
-9533.341 -6965.521
-236.096 -5881.452
5089.21 -8827.72
4257.254 -3210.419
7779.715 -7230.314
7202.205 -6955.404
-7059.592 9624.326
6635.32 -9272.717
-5851.669 7229.052
-3516.727 -5756.601
-4610.088 9064.927
1761.803 -1268.752
7032.806 8738.917
-7844.274 5648.506
-7243.019 6426.131
-9259.924 -142.586
1322.697 -6488.599
-1068.6 4418.651
-4127.005 -3818.113
4459.084 -7004.076
7322.038 -7194.254
-6458.578 -1638.018
-9599.347 9491.298
9169.913 82.553
5739.925 8006.577
2084.075 732.408
-5937.887 -2124.672
-9524.907 4256.215
2514.32 7285.406
-5354.392 6287.512
-8155.133 -5280.913
-6218.957 802.935
1009.326 9897.041
6001.967 1764.032
-5750.365 -3691.679
8786.466 6600.098
-3317.789 -5869.333
4687.072 -2545.12
-3375.068 -1566.629
-3946.962 -6863.555
-338.156 -9816.123
9791.356 -4580.989
9168.713 -199.729
4907.022 -2970.302
-2611.969 4733.339
-9023.368 -4408.152
-7401.362 -1604.942
269.79 4018.908
1532.314 1928.494
5555.974 -3109.473
5387.102 1710.679
-8994.94 -250.103
8554.996 186.829
5039.333 2848.262
1418.49 2457.465
-1189.996 3258.852
-8912.075 7672.522
3698.226 4045.291
5859.278 7991.021
-1735.977 7807.215
-4191.508 -7163.969
9119.986 -8917.51
-4379.199 -8528.278
-570.29 -2696.01
-244.021 3596.575
-5930.817 -746.174
3663.727 -1204.777
-3555.399 -7957.306
-5699.992 -4468.313
5187.419 7896.511
730.61 -5480.543
81.409 137.753
3895.135 304.26
1879.379 -847.013
3155.642 4514.863
-3779.276 918.669
3952.947 3944.947
7248.494 1842.253
8820.956 -8991.864
8170.995 8263.169
-4720.882 5728.563
557.603 5138.774
-5232.959 9285.44
-9213.034 -304.914
3316.499 8760.816
-9132.823 -3882.291
9636.473 -6885.126
-6734.893 9349.875
7793.774 -7888.55
1543.456 -2938.699
209.41 413.075
3180.258 -7415.761
-344.522 -6001.023
1109.409 4146.154
5992.155 -8326.954
-8765.753 8936.939
-277.365 -7560.259
-2844.413 263.109
5168.223 9199.216
-1484.034 2637.808
3826.783 -8407.79
5616.393 4951.353
9127.933 -6504.434
-7439.152 6664.277
-3156.236 6516.494
-4952.194 -7177.527
8860.556 3790.965
-7718.589 -7721.328
-2455.849 -3072.936
9057.325 4914.188
8759.194 5468.461
-3510.592 9103.436
3268.487 -3676.629
-7531.674 -2381.063
1508.613 -6908.628
3755.925 -3683.081
-461.353 -8434.938
-6340.808 -6940.517
5567.748 -4812.863
622.891 -8918.717
-9636.018 8152.789
-3622.058 7862.813
-204.304 8074.714
6872.101 432.277
3497.565 3278.08
-1855.51 -5770.311
-8216.232 8746.421
-3291.409 -4532.725
-3660.038 4696.09
8274.006 5222.136
7195.487 -6302.061
-2040.767 -1286.17
6614.154 5558.395
6095.439 1711.411
-6805.835 5028.724
8822.308 816.421
-5011.323 -3869.898
1095.019 2946.272
-3475.133 3901.774
-2699.568 -8420.11
-6180.146 -3757.177
-2705.87 2549.411
-3395.818 -2434.865
6991.82 -9229.795
8765.691 -4135.828
-3426.044 5912.744
6868.828 -5806.922
78.479 3219.187
1532.212 6680.008
-8294.553 1633.245
-8716.202 -5018.546
-7197.795 -1670.554
4471.39 -8053.723
-4915.952 -6958.052
1095.333 1220.945
5800.163 -3119.555
-7503.61 -4472.265
-3987.728 9870.446
4592.864 145.334
-7964.223 -9469.454
7652.638 -3103.076
7910.273 5162.616
978.101 8221.708
-1690.607 8322.582
9784.315 7989.443
-3720.534 -4892.936
-293.686 3552.481
1157.92 7949.719
-9305.371 5960.486
-575.149 -421.55
7642.602 4408.27
5114.708 9098.773
-5353.133 -7091.746
2009.126 3818.447
5998.562 5585.707
-9916.469 2297.115
-771.662 -4366.451
-340.054 4558.034
6137.445 -3508.501
-591.562 -260.644
-2912.501 7409.958
9518.222 -666.776
-6252.276 -4625.069
7808.019 -9691.093
467.352 -5230.11
-1886.166 105.427
8936.127 -6136.8
-9278.612 9794.562
4830.847 -2047.846
-5424.246 -9002.818
4047.606 -2286.281
3531.575 -4173.949
-3428.413 6749.543
-1704.891 -8102.559
1248.684 -3882.013
6867.439 9259.599
9060.804 -4689.679
-3344.466 -7225.628
-9345.427 -9709.614
-2340.797 4606.492
3579.574 -2905.898
-9694.022 -8007.044
9425.555 8923.491
6701.449 -5007.255
3918.376 6751.023
3828.084 3077.391
-809.313 -5399.473
-4222.896 6447.365
6352.582 7484.74
25.614 1154.226
-4687.798 8313.747
-6703.731 -6727.377
1232.407 -7957.576
-6017.695 -9501.306
1868.087 -5978.721
5173.838 -6438.101
-3922.273 -9482.647
-9485.672 4256.968
-2461.649 -3314.628
9514.613 -1860.57
1749.601 -4089.684
7810.866 9054.804
8965.902 -8683.737
-5689.815 -3452.288
-2665.689 -6075.037
-1586.304 2504.698
-1219.075 9871.322
9289.522 -4864.36
-9034.822 -7285.364
471.136 7070.28
-7979.438 -987.648
688.474 9269.348
-8810.26 3554.199
6751.536 -3652.435
-8420.684 2318.744
8216.126 -7994.382
108.332 4229.525
8242.409 862.596
-5272.304 -7177.172
-1827.879 -5063.24
4200.318 4489.883
5647.189 3858.542
5936.363 9018.924
-7323.511 4273.909
2236.404 -7168.938
-8320.713 -7369.927
-1392.319 8601.616
-9163.477 -3667.926
6169.658 -6331.349
1884.652 -3728.563
9966.171 2630.617
-2194.275 -5743.265
-9609.765 -1765.958
1729.004 -6399.792
-4293.659 5836.326
5331.839 -5087.535
8690.244 1206.125
-8572.552 8498.473
3328.56 4878.489
-8845.823 1670.957
-9163.223 -3070.524
-739.77 -7589.877
-5679.209 4860.593
7098.625 -5031.642
-3081.228 8431.664
-3484.304 689.617
9418.522 -5866.428
-1432.711 7510.578
-121.156 -6946.218
-3778.329 6412.887
-5774.898 5314.437
-9140.295 -1387.564
5950.782 -5524.64
5780.497 -1204.288
-1435.73 2137.17
2572.006 -2.085
5668.82 9148.08
9106.721 2251.366
-2035.054 353.538
5184.676 -3084.313
-3111.494 -2936.675
9714.635 -7992.022
4557.417 -8644.907
3732.279 2817.488
1811.327 9982.065
5084.767 -3905.036
-4748.716 136.219
-4849.809 -5771.266
2253.47 -4200.526
-5597.074 -9312.814
2873.057 8758.816
-9198.98 -8041.142
1751.526 -3567.363
-4909.201 229.704
153.63 7774.064
-3913.303 3920.43
-1326.373 -5712.532
-4986.159 3768.325
-1247.525 6430.692
1226.237 837.932
-6920.821 -4986.259
6090.846 3013.412
-5511.373 5125.242
5909.044 7554.051
-9920.797 -5561.656
7626.583 6087.343
-6203.746 1546.102
6386.033 540.007
-1862.255 5917.234
3670.054 7753.484
-3168.187 3055.68
-8570.821 -4924.607
1597.659 -7294.892
5207.144 -3271.328
-6494.49 -7886.662
-1195.055 1472.952
6193.82 3939.683
-7502.731 -2503.934
5396.879 6788.001
-9790.332 7046.983
6052.187 1341.618
-8819.488 4143.402
590.108 3112.053
7916.581 4652.18
-8337.99 -4320.664
-6691.385 8736.615
8436.474 -917.152
-5586.931 9976.393
133.538 849.66
-2592.512 -2578.354
-8622.456 5315.14
-5660.875 1095.069
3433.164 -2416.778
5814.402 -1883.604
2783.215 -4977.115
-6509.45 2176.684
-5331.062 5720.082
-3216.531 -8429.89
-4452.241 -6216.424
-7876.555 9903.551
4446.868 6137.859
-6503.547 -6349.969
-1220.52 -5887.162
3560.743 1353.631
-8496.07 7342.972
5694.812 -430.854
989.154 -2609.937
4304.681 -441.541
-8735.338 8147.478
8598.484 -9274.19
139.321 -1013.631
7745.166 -3635.968
1407.51 -8663.066
-4660.951 -7620.968
-1.044 6591.128
-9907.951 725.179
-7095.398 -1391.99
-2275.489 -5843.099
6425.723 1515.838
41.196 -5840.269
-734.344 784.412
1419.601 -4729.833
-8153.249 7267.761
2493.212 -7409.596
2754.627 7495.735
3727.992 -5061.192
859.539 9462.735
3069.165 9324.187
-1780.372 -4304.805
-6743.684 762.371
8362.866 3005.459
8088.633 -3846.249
9316.245 4306.17
1771.899 -4439.548
-6872.703 -5049.887
2716.546 3291.175
-2505.47 -1929.352
-1996.325 6645.075
4694.758 -776.838
-716.82 5248.696
235.067 -9094.487
9082.548 -9414.18
-2831.045 -150.179
-3602.092 46.55
-7548.076 -2031.03
-9813.651 6252.706
-3028.723 -9786.912
-3091.736 1434.828
9188.653 -6055.045
9961.283 -9155.1
-8313.713 -2601.556
1566.563 5292.545
-8406.948 827.568
-125.542 3335.581
-7935.216 5749.194
-5130.955 2431.0
-5364.465 -1218.913
-1344.698 2760.676
-4361.844 -1641.382
-2562.252 -3485.126
2388.601 8201.905
1274.131 8920.114
-1235.585 -3547.93
9605.296 9840.937
1462.207 4483.761
-9208.448 -991.691
-4568.247 -4622.82
-3999.867 6059.611
-2951.259 6113.542
-910.349 -3182.871
-2531.363 3367.954
-3317.422 -9124.343
-8941.277 -9923.715
-3865.846 1303.671
-5662.497 4506.772
-4159.903 -6268.506
7674.485 -786.747
-2421.913 -1025.643
709.61 -3312.333
8678.999 -9429.927
5447.007 3156.763
3716.699 4773.297
-9489.312 3242.638
5745.88 -5419.825
7193.216 -7864.55
7293.591 3273.554
6256.904 7870.947
7848.121 8225.927
-4623.892 -7829.527
-6307.528 -9969.242
5783.219 -9948.895
6699.183 -84.153
-2116.787 6635.52
-8838.669 -9307.816
-26.768 -8062.467
-6262.964 -8492.944
5882.232 6872.179
-849.935 2527.057
351.443 -80.065
-5810.057 -4694.101
-8172.223 -6640.639
5870.125 6668.815
2843.745 8088.065
4043.359 3384.119
-8115.484 -3497.868
2325.412 9181.515
9668.338 1025.514
-319.529 -2873.218
-4153.108 3375.609
-987.401 -9072.211
-2447.728 8545.337
-7020.234 8731.643
6412.072 -166.719
-2949.926 -8760.677
-6196.514 -2960.108
-2793.328 -3258.782
-8865.264 734.391
-2698.725 -5227.728
-7257.733 6425.394
-191.073 -1932.042
3531.344 6041.49
6237.939 -2195.26
2427.969 4540.94
2088.626 4186.229
5733.407 -2992.067
-1821.189 9733.359
-8570.866 -1119.18
-4657.204 6976.609
-8344.174 5813.286
3635.691 -8552.737
4389.59 -2198.25
8367.678 6168.004
303.971 5555.693
-7961.717 -1438.332
-5108.303 2547.628
7969.692 -6656.618
9093.896 -2650.553
-3202.826 6927.285
9495.23 1556.976
9367.071 -7400.248
9277.771 7128.27
-8539.211 -7605.551
3187.84 -385.686
-3763.28 -8794.195
74.287 -8920.106
-8390.535 -5394.875
-4460.347 8237.084
-8436.587 -736.766
-7084.431 4649.339
2686.47 -8288.976
-120.51 -6901.932
6801.719 1057.452
-6279.297 9633.701
8682.219 -7172.717
-6057.697 -2147.204
-2932.009 -9739.176
4956.102 701.558
-6762.486 -8250.472
-9758.435 -8029.823
-7274.698 -1087.494
4875.761 4440.301
1786.531 4533.25
-8132.404 -2488.985
-8620.525 1911.009
3319.295 5913.599
6413.983 -4911.53
6690.481 9771.002
-6777.078 3219.78
6659.393 9297.923
-9732.247 2138.261
2480.765 -9289.424
5985.656 3913.891
-3568.317 5616.652
-6252.082 -3628.552
-3838.796 -2.436
-6774.049 -5062.249
2518.617 -4228.79
-4048.765 -9997.045
-9071.761 -9297.601
-7772.37 -6112.455
-8379.904 -492.525
5245.887 6453.0
6693.466 -6272.667
-3809.431 8902.203
263.11 -4323.878
-1671.288 2436.556
-8348.741 -7063.371
286.761 5245.266
-2264.317 -5860.651
3886.63 -2786.818
3379.634 -3555.13
5360.982 5609.156
-6573.089 -8864.72
3440.603 -114.817
9911.43 9261.907
-3859.62 -7568.864
7746.0 1446.006
-6676.997 8196.353
-2502.407 5103.711
-6671.151 -853.778
-5209.152 6431.646
2051.717 -7808.681
-827.835 7781.081
-5463.7 6829.721
135.479 -8508.658
2365.811 -4087.551
9260.935 2624.314
-9924.464 -4904.891
9705.809 274.165
-5557.922 -7093.264
-9660.946 1421.029
8868.075 -9505.954
-190.728 7335.39
937.498 7088.087
3954.726 -382.663
5163.294 4169.839
-382.511 465.283
-1470.777 -1981.682
9627.337 -193.907
-3491.092 -8831.967
-5484.177 -6708.276
-4861.081 -4997.218
-8573.931 1799.054
7669.214 177.687
-5822.145 8229.983
7747.422 -9684.788
-5807.374 -1765.369
650.158 -5195.95
-4836.859 1901.863
7047.565 -1585.305
348.068 8285.595
1797.863 -7029.078
-5401.662 5060.061
9912.633 8512.492
8266.791 1305.479
-8322.108 328.045
-7531.051 9422.045
-4751.57 6054.427
-856.9 1506.831
73.351 4473.206
397.21 1893.667
-4285.671 -3668.704
-1079.851 -6389.888
-5169.406 1319.735
-7866.68 2846.968
7767.939 8507.473
5120.265 8496.755
6477.799 -9319.342
6069.776 -7707.606
2104.654 -3557.2
8298.943 -9372.151
-3346.461 2421.382
-5480.896 2714.69
6470.372 452.068
4395.296 -7256.236
-583.502 3779.364
-6634.253 7628.673
-6292.222 -7848.05
-1898.801 -9193.0
7580.811 3669.747
-4548.067 1373.948
8711.001 -2455.688
-9342.826 -8334.148
319.013 90.684
6143.858 -5812.388
-9270.367 3255.684
-4013.07 4089.211
-7254.562 7397.866
4798.319 -9294.841
1458.425 -3678.054
7215.324 1886.564
8158.26 3624.568
9488.623 -5382.092
-6183.638 -9113.895
-3961.09 -9869.0
2658.639 317.353
-9577.801 -9676.903
-8351.277 -3366.43
-9304.672 -4092.887
-4374.398 7636.269
6522.016 -2232.207
5810.58 4291.878
1953.328 -2663.284
-751.471 6636.473
-3685.853 -470.022
79.219 -5395.892
-9460.066 -9661.447
20.194 -1082.07
8639.88 -9590.179
6922.706 -5523.464
-8465.094 -9460.805
7453.073 4726.891
-4901.426 -8559.695
2905.644 -2651.845
2879.2 3722.606
-6111.409 1157.245
-8654.18 6301.453
-1944.843 -4255.198
-56.527 4064.864
6884.982 4554.048
-6953.187 -6064.68
4980.712 -5256.378
-5120.649 -5661.497
8285.664 7435.571
-3461.426 6890.461
-5647.419 9273.007
1654.812 -3691.237
1263.797 290.138
-7426.681 -6122.674
3197.434 -5586.215
2621.08 -5545.278
-1613.815 -3263.617
5524.941 4077.404
-4080.887 -1774.398
8681.764 1059.114
1837.536 1732.538
5638.671 -6216.876
7694.168 -2921.518
9096.472 7263.834
1548.334 -9178.422
-5287.556 697.62
3998.631 -3587.405
-8016.233 -9165.889
-7376.723 8817.274
5584.017 657.477
-4554.256 -1864.486
6261.421 -4267.615
-1951.249 364.652
2072.955 7712.306
2427.336 -2208.476
-1460.112 7328.327
7867.941 -4280.396
-7015.455 6755.723
-6028.399 9301.104
-7737.075 -8159.362
-5894.248 -8951.539
6542.895 5781.387
5753.065 7674.555
4609.505 6767.136
6943.412 -6040.843
3576.797 -9002.2
125.832 9645.086
-1604.976 -5916.524
-3467.497 -9148.616
8679.055 1372.219
-4355.205 -9119.08
9296.658 3993.491
2350.686 4157.527
4869.401 7441.367
1816.852 7770.99
-1315.942 -3448.322
-6198.771 -7522.163
9265.59 7422.864
-983.318 -6266.389
-9677.07 2345.374
-7886.245 7867.986
-6051.574 -1630.747
6564.545 -6156.508
-7973.564 9566.547
-2651.584 120.025
-9031.417 666.955
9133.694 5820.921
-7888.695 -7661.95
6973.674 -698.965
2994.502 -4119.962
9414.334 4986.049
-3806.783 4959.558
8675.537 -2455.651
4507.642 6350.835
-1640.919 -3750.058
9104.501 -4438.096
5255.024 7897.771
5366.59 2839.071
8780.247 2388.591
-7324.676 -3397.907
-3136.281 -5171.342
6540.359 -5405.544
-8135.229 -5638.739
4406.19 5718.72
423.906 315.982
7357.585 5909.083
8674.743 5525.157
-3623.424 -1671.442
-7800.21 4618.743
-4574.118 2210.374
-6896.343 9061.019
2519.055 -3083.486
-9681.532 -248.234
4073.855 -9884.918
-3419.531 -2478.852
-3602.266 -9615.671
-6918.187 5451.984
1138.702 9259.384
-7326.935 1141.68
-3764.828 -7204.535
-7648.526 -5630.049
9307.725 -6566.597
-8139.136 -3994.786
2261.884 2531.941
-4862.144 7774.305
2681.061 -1974.841
-2811.328 1693.363
-7914.448 8727.978
3131.816 6235.101
8762.293 -1203.137
730.207 1547.039
-8028.126 1447.329
-2612.054 -9998.763
-8328.8 -5526.952
-8460.99 1029.657
-8959.061 9855.541
-6090.91 -5444.29
-3790.03 -3252.686
-1161.65 2904.592
4659.931 5826.59
9279.152 -2448.198
-5343.317 -7332.182
-720.275 3322.715
1836.081 2966.57
4345.467 -5257.444
9832.547 -9196.421
551.535 -4022.394
7932.602 -751.894
-6324.628 -8165.47
-4375.734 6104.434
-9489.604 7024.259
2867.477 4897.456
-2184.088 -3300.499
-7959.183 -853.129
-6185.961 -2648.718
-7418.677 -5422.844
3937.088 -9171.224
-9622.812 -4470.853
7806.696 3899.962
-8878.31 1223.416
-1623.287 -2038.78
-7632.375 -6780.291
-3009.067 -3373.647
-3892.522 172.422
4909.841 -7621.289
2660.235 -1341.403
4674.238 -9557.756
-8678.074 -8826.184
-1130.273 2259.214
8661.32 9862.727
-8853.528 4318.105
8391.137 -960.341
922.892 2518.124
-1617.639 5356.549
-6998.599 -1965.157
2185.398 -1254.714
5700.884 9655.957
9835.452 1533.406
9865.849 -9817.144
-4139.742 -206.366
-6099.182 -6509.99
3481.016 -9961.291
4200.552 6627.466
3471.934 -2719.598
7455.511 3760.61
-8296.703 830.487
-4032.819 2212.647
82.66 -377.836
-5841.463 9437.587
1779.195 8998.0
-1305.673 7807.944
7581.947 -4111.977
-2374.859 -4831.933
-7314.066 9444.175
-7813.625 8999.66
2659.58 -6232.063
2866.803 -2985.101
9993.408 3800.734
-2053.957 8385.961
9750.546 5449.696
7879.896 6282.663
2548.118 -7130.009
5196.836 -8954.144
1349.102 -5298.704
-1523.118 -2181.003
7566.063 9659.905
-7040.92 1372.145
-4963.05 -1028.513
9542.46 4135.446
-1429.93 6555.707
9994.83 2818.964
-8434.466 4347.817
-7537.685 -5245.641
6698.577 -5578.641
-7708.334 -3260.646
6781.818 -8509.752
-7822.075 -8382.966
-9156.074 -8446.139
1976.709 603.027
2450.323 9133.234
3749.378 143.397
-935.349 -6748.058
5561.213 3415.23
-6396.831 -9864.655
-5639.093 -4316.019
357.611 9675.68
5362.566 8971.311
2954.552 1077.027
5488.066 6292.678
271.262 -9040.036
9667.803 5357.968
3764.147 -3626.02
-8173.332 -580.432
3549.349 -6222.763
-4443.557 3188.146
538.658 -2755.054
3375.898 5220.801
-7973.304 -1574.382
6278.683 -5798.269
2086.401 -8956.6
-5320.652 -1775.34
2599.397 -9853.548
8790.203 -8815.504
2700.14 -1345.442
7904.747 -5600.81
9857.607 -3570.729
3639.085 8413.184
6321.641 -1098.313
8160.564 -3005.182
3655.364 -488.977
-6082.969 -3072.287
247.653 7985.345
5044.406 89.634
-9174.55 1175.913
-8318.565 2534.468
1590.008 9846.603
8707.328 9566.691
3332.279 3058.376
-776.526 2035.393
-1990.235 6514.682
3849.746 -4481.682
2049.979 2996.824
-3947.37 -7897.444
3780.309 4487.161
-5562.989 4120.991
8779.95 7246.087
9310.181 3234.052
-1223.053 -8666.705
-760.577 -5305.053
-6447.347 -9376.704
-8106.887 4288.811
-6475.356 671.449
6716.988 3673.993
-1844.373 3586.266
-9945.881 5846.333
-5697.321 -3122.469
-8581.237 -7481.711
6887.15 -4310.752
48.056 -1723.767
-9492.678 -6744.473
852.794 -4077.989
167.317 -4023.588
-5312.4 5137.779
720.307 -2786.616
-6211.401 -4496.834
-3437.111 -6937.982
7797.729 1487.915
3360.2 -5103.341
8841.006 7384.232
-4890.384 -3002.782
-7277.759 -7033.68
6804.222 9978.525
-2891.608 6451.226
-7137.168 -2547.589
2236.834 1572.468
-7583.235 178.265
-323.151 -1612.046
3511.842 -2541.525
9545.767 9324.283
979.716 -1893.401
9078.464 -9816.69
-4832.04 5497.059
-8117.214 9391.209
9907.853 8267.728
9274.402 6633.314
442.974 172.21
6686.818 -6590.663
-195.946 -8915.503
-9977.095 -7003.067
-1716.808 3514.064
7343.144 -9786.439
-9394.768 9320.968
4325.78 8840.02
2180.607 7326.368
4163.597 9396.445
5220.149 -3776.822
-4371.762 2301.204
-43.553 9373.545
152.971 -982.398
-907.515 -7639.162
2442.914 729.339
-9201.753 129.924
-4699.252 -6057.916
5545.786 -5404.842
2259.682 9825.416
6764.869 -5612.483
3658.341 5052.836
-7575.893 9361.82
-1355.566 -4017.24
8621.4 -2831.075
8278.486 7548.379
-6478.429 6950.45
7687.7 -490.762
9190.907 -5710.397
1555.923 -4318.963
1259.179 -8254.014
9676.458 -689.029
869.26 4455.941
-7247.136 4739.032
8479.238 -9407.937
-3920.118 -6439.999
-1870.828 -81.044
-1467.761 3854.104
-676.025 4500.295
8472.826 -814.389
5761.782 -8571.602
-1243.172 2505.07
-3458.115 8140.448
4275.981 2097.917
-5418.415 6221.642
6446.481 -5970.277
-6596.493 5128.3
4300.124 -1765.556
-4897.107 -5320.487
-9682.639 -6275.026
-6038.749 873.509
-3479.717 -6441.744
1842.65 2566.043
-7606.456 -2097.996
-7822.747 4080.69
6413.834 -8209.053
-203.994 -4995.437
5794.762 -7852.35
-1361.048 5289.213
-739.549 8251.908
-3801.235 9446.592
-1722.996 -4609.913
1766.017 7184.895
-9520.465 -5681.213
2324.804 -8694.314
-2258.381 -3311.05
-3194.896 9490.593
1582.355 -9121.778
4224.76 -7941.05
2264.902 -180.136
5974.53 4922.514
3306.007 -65.727
9288.973 5371.2
-3445.397 350.634
-8458.125 2854.967
-5120.42 -7164.343
-7994.574 -5833.49
3535.641 5212.854
-8628.202 -2275.024
7133.478 -5589.446
9280.543 -1400.257
-4084.572 -5643.011
-6458.826 9904.65
-750.97 5050.387
4401.155 3438.462
4000.789 8300.013
-985.399 -3317.118
-7535.918 8403.029
-386.112 2629.363
-9900.244 -5706.68
-4459.848 5068.591
-4796.49 -6327.695
-7801.346 -7329.811
-2208.012 -5034.933
5725.275 -3046.991
6616.832 -3619.951
3343.458 -1566.31
-6392.539 9447.118
-8014.014 -1361.846
8665.872 5829.279
-8159.631 6543.8
-5233.418 8293.786
-4664.824 -4748.383
731.724 -4035.574
-5560.99 -5090.537
-4151.207 2416.088
9463.121 6820.032
6153.127 -5.874
9092.877 1265.438
4565.332 9522.841
-7059.817 2801.609
-6744.525 1723.47
2283.392 8518.876
9506.831 4214.29
3254.802 -5427.329
-3716.356 -4958.215
-768.862 -8545.487
-225.413 7836.241
-7216.179 -3601.914
-4767.067 -3207.123
-7407.02 5423.128
3539.443 715.803
-8818.132 -2938.154
-133.778 -2459.75
5453.722 756.036
-3611.37 5070.595
1799.824 -8762.808
-9702.477 4403.09
9102.697 240.876
-4487.736 -4995.028
-4632.851 -1617.441
-3583.722 -3894.744
-7320.487 8905.755
-7297.55 -5075.858
-6332.132 4298.607
-7295.42 -1126.683
-9424.094 4589.126
2234.525 -2287.439
-8452.249 -3644.759
7805.814 2599.909
-8173.703 4787.853
678.471 -9275.28
-6445.199 1360.608
3875.374 -8641.356
-333.73 -254.305
-6081.34 5918.758
-2006.341 8103.014
2905.199 -6088.006
1865.344 -8300.668
-6566.831 492.984
-4267.277 -6340.67
785.052 5148.171
-4948.84 2541.524
-2175.386 7294.89
1777.508 9631.607
4917.34 5656.095
-6604.486 -9476.867
-1866.905 6710.068
1100.84 -2584.418
9211.279 6067.486
-6271.751 8907.13
4922.59 -4049.63
6842.024 -3217.51
1633.267 -102.795
-4556.246 -5049.073
-1695.423 -7118.872
7886.199 -7344.892
-3547.446 -971.567
4407.097 7836.465
-6581.909 -212.216
-1966.017 7373.213
9749.911 6878.393
4284.493 1296.619
222.128 3261.909
1689.418 8634.48
-6335.15 6893.447
2419.838 8201.273
-3460.471 5812.298
-1542.318 -8629.949
-5968.323 -4907.949
-7700.676 4716.647
2583.127 4655.448
5751.15 -5575.729
255.247 -9124.772
-736.554 -4460.596
-2000.753 -3704.092
4514.732 -8880.896
-4955.908 5002.759
7987.736 747.534
-9352.125 9455.445
-3749.064 -2928.838
-4333.499 4372.115
-4336.739 4768.877
424.692 8198.393
-6358.484 -2873.845
-8064.85 -4096.576
9423.745 9428.795
5799.454 3643.531
-1320.672 2442.191
-5741.111 7076.733
-2775.898 -9919.715
-3790.219 8542.62
-5085.486 -9423.506
4998.838 -1426.353
3345.282 8428.112
-8690.438 -1464.923
-6107.372 -2495.085
270.768 -5505.669
7565.149 1390.325
-4702.668 -6537.636
9868.388 -2266.006
167.873 6623.308
2413.127 -3612.656
9572.028 -6938.648
6730.742 -1487.808
-4168.555 -7399.813
7133.584 4810.185
2270.869 -8442.043
3644.379 9659.317
2431.154 -3786.438
-4310.905 4095.811
629.543 -7161.557
8180.585 -7570.547
-8514.227 7702.935
-4826.543 -6511.013
-3849.658 638.219
8837.218 3321.993
-9655.052 8311.452
-8348.134 7823.467
3171.411 -4951.546
-3361.576 749.124
-2159.841 -742.159
6240.843 -4776.1
-2018.977 6945.949
-9494.226 -3406.495
-6517.969 -5581.266
-3434.887 -2516.006
927.354 -5008.071
7112.14 2883.733
4512.067 -4763.762
-571.166 -233.892
-7929.378 3267.406
-4649.538 -2280.359
-1557.357 8096.102
4349.465 9675.271
8504.454 -1659.742
-7422.279 -3062.27
-3305.692 690.352
6587.306 8036.015
-784.142 -6055.414
-358.638 402.43
6588.016 -4328.204
-7185.121 -1044.098
3781.965 7778.918
4555.537 -4545.309
7353.978 -1495.667
-2040.813 -6812.799
-7072.947 4495.796
7149.463 3193.485
1911.739 -1614.607
2312.178 -733.757
-3726.802 2850.644
2507.066 6766.116
-6801.044 -9845.69
-3809.811 8708.517
-7341.74 7261.946
-7726.932 194.618
9435.519 9229.213
6165.696 -1663.973
-9830.025 -6319.319
6582.908 -5066.613
2228.022 4929.13
358.599 -8138.091
1234.962 -3773.918
7900.575 4649.062
1931.105 8728.033
-6109.063 -924.465
1676.789 5394.298
9488.512 8625.097
4755.589 2252.635
5862.322 -9897.149
2267.054 -948.606
6024.993 -1975.554
-6998.073 -3964.591
-7055.721 75.342
-8822.184 4582.258
-1124.953 8209.169
-822.969 -8775.303
-1103.415 -7543.787
8195.674 -3049.569
3405.531 -2622.422
-1607.574 -2479.434
-3065.556 8515.937
5870.622 365.48
-3869.481 2833.462
4928.976 -2295.068
-7952.89 -4.918
4750.796 7199.778
-8310.627 -5821.889
7506.327 1179.683
-9143.996 -5813.88
2419.718 -9099.116
12.668 -7550.42
999.667 1517.664
105.888 -5207.146
-2605.86 -9783.455
3519.658 2518.059
-7962.725 -7996.833
-4424.857 1661.932
-6278.292 -5604.716
8288.479 8382.702
9666.791 -778.454
7793.013 -9109.85
6597.972 3292.366
5111.102 -8868.358
-3772.972 5270.261
30.338 -5655.753
-3412.07 -7674.062
-3356.86 -1656.879
-7689.76 3975.765
9913.766 8995.262
9266.398 5986.6
-7419.142 8896.822
-9240.646 -8562.254
8269.584 -8660.065
6505.534 7947.164
7826.204 269.481
-1670.657 7003.879
-7550.517 -8964.153
4443.098 -1735.491
-4237.173 -928.468
4575.346 -7755.293
-1827.061 6669.356
-6487.174 3735.688
6407.198 6496.873
966.763 -7134.23
2510.655 -1822.534
-7345.759 -4468.989
-4093.544 5706.217
-9421.73 -6386.432
632.598 7504.995
5375.282 -5742.953
1441.383 -8978.732
2789.079 7151.107
-3632.316 -539.711
-1208.601 6425.645
-652.917 -5402.243
3162.575 2672.356
-9728.137 2340.546
504.784 -5258.323
9906.11 7143.197
-4747.204 -3973.291
7171.153 6118.255
-1463.692 -1788.75
-6405.606 3252.589
5549.527 -4594.517
-3540.706 -667.589
7778.969 -9739.354
-8903.991 -56.839
86.361 7340.261
3670.398 4930.273
3744.76 2201.091
-3047.697 5915.581
-6295.862 -496.777
1523.915 1799.369
-5774.21 2007.094
6439.84 8838.225
5034.925 3683.474
-4213.802 2419.781
4459.617 6876.54
-7089.458 -5208.922
-4633.166 -3573.813
-4340.635 -5628.377
-287.857 -3693.854
8973.981 -4421.522
-2479.799 3970.08
5106.794 8440.723
-2628.481 5291.088
-7061.79 -8588.549
777.557 6427.805
6541.122 -5567.586
-478.929 -7332.692
-5261.441 -8272.945
65.352 3254.219
-3460.553 -1801.884
-8155.998 -5048.211
5740.409 -8640.248
5718.645 9387.382
6044.539 7865.866
542.937 6449.526
-2094.224 -9021.885
7420.728 6743.12
9069.894 -4399.03
4250.923 -8830.645
4928.518 8718.425
-8152.962 6126.591
-9856.219 7148.096
4847.092 3115.664
1189.75 -6664.51
-5661.732 1834.726
-5029.758 7835.41
6736.89 -3.536
-9775.71 1818.934
-1349.742 9589.974
-5417.155 -1555.475
-1002.266 -7885.502
-7373.122 1258.429
-8464.269 -6334.255
-4162.695 -3360.309
2238.172 -3609.262
2538.686 1888.529
32.192 -6080.403
2182.454 -3739.286
-4987.658 -736.193
-7391.76 -4981.113
9572.479 -138.682
3484.85 2286.476
9197.064 -1782.834
-2192.793 2563.75
-6299.098 9112.734
-2246.946 4348.038
5541.234 5741.457
-2912.655 4692.068
-1440.697 -6176.885
5160.648 7933.837
-3453.595 -636.653
-9427.689 8734.937
2062.142 2570.231
-3701.151 9926.366
8086.023 5531.713
3659.312 1295.822
-239.937 -6583.931
-653.956 -2784.141
631.461 -4766.227
-6299.158 6692.552
6129.161 5288.978
-4099.738 -1277.76
2643.969 6457.655
-6853.131 4723.685
-3182.352 -3721.612
9148.22 6535.217
-1443.489 7507.723
-7834.485 -4093.301
5228.835 8846.752
-4057.931 1877.935
611.755 -524.542
-8179.895 -2312.311
3312.847 3883.921
-503.746 -9526.934
-4429.726 7688.719
-8407.102 3813.079
3319.575 573.252
3962.386 -9242.204
5918.635 -4502.856
390.055 660.801
-667.15 6327.532
-679.411 5859.429
-3214.314 -2430.472
3159.79 -368.614
4442.8 -4572.77
8676.92 2471.298
3215.316 -6275.011
-949.569 8106.356
3178.323 2009.015
-8933.74 1510.757
586.115 2409.625
-1795.358 -9206.865
340.278 145.536
-4588.312 -1993.05
4689.354 2328.719
-5999.131 -3730.604
7509.467 -6457.013
9999.84 1130.464
-491.259 -108.952
-2834.815 4247.464
-6195.673 -6964.967
-6700.143 6016.5
1374.784 8106.262
8663.521 -2704.005
-7687.003 -764.772
-7664.363 9975.077
2364.402 8178.53
-8874.856 5491.638
1440.887 -1715.368
9654.476 5924.629
196.679 6477.669
2023.993 -7508.353
9354.878 586.454
9610.557 -3523.92
2034.098 -6914.62
8756.191 -2321.195
-1431.742 -2390.557
-8261.878 -2764.893
9930.435 1480.971
-5453.165 4516.964
-7935.163 -7687.009
3172.887 -1102.039
308.56 -2595.321
-6262.249 3905.077
-9166.307 -4355.261
-8242.349 -5882.128
-4512.645 -3735.229
6162.268 7366.716
4160.633 -940.021
9002.332 299.248
6486.293 5348.86
3867.999 1982.082
9730.856 9377.894
9754.127 -2093.161
2734.341 911.439
-316.286 3057.822
-2322.837 6175.729
-8112.928 -4526.54
-8462.389 9770.28
7769.313 8502.605
-1646.083 -5481.828
772.625 -3969.328
1330.92 -7992.05
-8536.806 -504.367
-2070.333 -2236.668
4383.668 5404.807
-6332.059 -8789.701
-9153.079 7062.455
7509.611 -5556.018
-4260.938 -2163.118
-5941.58 3289.529
75.796 -1608.723
-6001.777 -8805.44
-7268.456 -976.857
-5868.041 36.949
-3878.323 -2134.213
-549.679 -2438.034
-5056.774 5304.051
-3912.82 2067.274
-9819.814 -4956.178
6310.466 -5647.26
-6165.133 4752.668
5601.097 -5566.267
912.835 9262.887
-1481.089 -1679.611
-2333.29 -8035.542
-7700.785 -2570.229
-287.863 -944.963
-9322.838 4798.022
4995.483 -7049.198
-1495.091 -6442.835
-298.649 -7227.928
8932.48 -314.974
8888.066 1604.293
5132.396 4339.895
-7808.941 -7343.706
-388.972 5151.232
1079.882 9025.894
-2428.272 1877.867
-1418.59 1249.322
8232.299 4947.227
-1704.786 -5614.627
-2870.571 4619.36
-18.537 -2046.76
-7857.826 7170.792
-9852.884 6813.096
2777.411 392.563
4452.136 -6898.293
3940.169 8186.063
-6502.395 5591.451
-5457.745 7792.454
5963.954 6598.759
-6370.32 6847.752
-5850.971 2044.736
4255.952 -277.338
-5563.828 -2912.352
-108.542 -3199.261
4982.967 -210.163
-4824.865 -7183.187
-1388.887 3606.952
-8664.155 -4190.421
-5399.284 -9509.275
5684.361 7856.853
3381.09 -8031.285
-5488.265 -4462.299
-9819.907 -3667.446
6589.317 9816.712
4756.767 -3605.29
-3665.457 -6223.239
3335.373 5444.192
-3651.994 -9706.044
7912.178 9934.86
4812.151 -5326.676
-7773.614 -9889.24
-6451.87 5253.144
5224.07 2048.758
5003.36 3476.147
-21.827 -8035.621
444.702 -7438.68
7002.781 410.493
-2775.802 -2257.609
-3178.688 9759.685
8362.16 -2603.62
7685.911 4297.616
9784.0 3196.747
-6064.54 4241.453
-4970.905 -588.33
677.554 5597.85
-7122.821 6535.138
-3413.269 -5748.419
-8381.45 -252.273
-3334.45 -9282.078
-8541.074 -9920.081
-8802.645 8193.843
5777.673 -2854.157
8425.22 2021.238
2441.724 850.959
-1549.925 2174.781
6577.246 6377.27
-9110.72 -4377.163
7454.602 -9286.908
-5755.828 803.579
5443.144 -4662.303
-5475.908 2496.6
5522.628 -299.596
-3184.893 -4523.554
-9038.667 7198.863
-426.654 -6714.427
-5893.344 -4052.981
8976.076 -4949.639
-2156.802 -441.597
2278.228 5184.731
-3141.457 -5844.231
-3751.341 7553.087
-6470.858 316.134
-1386.386 -2353.398
-2495.11 -980.858
2195.457 -8116.709
4448.695 -3809.059
-2088.538 -74.02
-8061.543 9539.207
7859.02 9020.152
345.911 7616.405
-5704.837 6989.231
1608.769 -9109.116
4511.959 659.048
-4514.388 -4505.444
8404.668 -2006.73
-2073.024 -4427.86
2339.963 -945.523
5036.822 -5454.008
-4983.134 -5805.862
3729.631 2907.972
-636.675 5813.142
-3094.886 -1042.313
-3180.969 4228.188
6925.271 -1516.535
-4819.8 -8712.627
-5788.155 838.676
-261.792 9139.267
9917.93 9267.051
-8235.835 -8359.854
4361.499 1106.276
-7618.028 -7316.039
8719.313 -7598.429
-1891.449 -5034.486
-3261.91 -8564.916
-8198.589 8616.858
101.373 -1457.417
-4493.478 1385.327
-2452.115 1334.101
-9992.425 9601.674
4320.225 -8774.379
-6043.591 -9039.783
-1116.414 1856.137
263.257 -2347.792
-9931.427 3544.998
8268.734 -7377.727
8299.194 -1699.19
3841.66 9050.541
9326.686 7559.079
-1167.559 -1090.627
1913.487 -8228.076
2249.28 -7435.006
-9304.586 7146.841
-6078.653 4600.28
7001.373 -6255.178
-8122.697 6545.8
-4886.945 -1120.462
99.519 -3938.244
-1312.286 9916.184
-4149.862 -5689.482
6934.34 5330.257
8185.625 7525.477
6840.308 -9735.176
-6099.488 -5684.212
-2603.621 2969.192
127.53 -1743.104
-5616.673 7981.26
-7093.024 -1378.173
-5710.678 -4666.29
-7649.769 -5316.187
7435.062 -349.091
-697.073 -4420.12
399.272 7330.559
-4563.778 4078.125
693.661 4060.295
4105.813 107.042
-5129.899 7162.007
-1467.538 7313.869
8773.127 3347.037
9938.02 5852.149
-4900.212 -7852.121
-5130.854 -7345.936
-4768.487 -7966.515
-6373.147 -6377.55
-4100.214 -8748.627
-3734.391 6561.655
1495.176 7537.415
3312.97 3499.019
8222.683 -4505.75
-44.545 -7184.872
8574.335 -3348.81
-2559.527 -1205.12
-1128.304 5917.934
8120.57 5477.753
4054.143 -8955.462
-7352.07 -1758.766
-4392.284 -7371.565
-1742.396 7065.628
-7899.825 -5738.438
-4892.456 9455.864
8251.702 8661.286
4413.111 6402.061
6935.362 1582.633
4133.723 6388.591
9984.84 7347.676
-3798.102 -9296.294
9503.583 -4509.514
-8240.882 3928.778
-6491.629 5085.886
-9565.512 3113.417
701.587 9315.471
9764.766 5188.374
1461.149 9319.289
6659.781 4958.731
3636.101 2746.484
528.096 -6356.743
-5920.591 -7027.346
-5623.175 -9231.735
5156.437 -960.039
5895.574 1382.538
7009.105 -2305.968
6583.844 6399.657
-9977.642 9000.817
-3992.201 7520.391
9808.582 3468.165
-712.612 7712.49
-6950.579 -1440.892
-9789.183 7284.133
-4008.81 6378.482
8305.457 5753.762
-4023.455 1540.55
-6915.068 3301.851
7992.084 5025.74
-5699.428 -4282.624
-4151.718 4925.563
4193.897 3498.236
-6898.974 6840.142
7049.185 -2318.135
-264.087 4293.775
-3327.875 -9123.583
-3252.83 -4388.684
277.149 1467.416
-4268.631 320.254
989.21 -4995.74
-9964.682 1384.318
-7163.465 -3382.78
1550.871 6148.275
5604.243 8532.646
-7888.416 8847.71
3367.897 7428.626
-5752.367 -4269.315
3520.279 2157.708
-2674.755 -7857.871
314.289 -9745.723
-4311.706 9500.467
-5918.911 -88.387
-5714.145 7680.303
-6863.417 9363.854
-3720.114 -6576.46
7879.838 -3707.613
9369.34 -2406.594
-7243.518 9441.674
-9216.605 5734.413
6410.875 1022.186
8370.335 -7783.78
8205.145 8114.262
2091.966 4732.127
-7491.381 8364.033
5998.666 -6215.898
-7762.754 -1017.959
511.12 -1692.167
-7665.602 6451.867
3140.134 3992.048
7814.213 7609.001
1794.059 4902.274
-5380.64 9749.286
-5880.044 -5767.041
-809.018 5498.708
-2757.805 8230.932
-928.188 -4940.294
-2677.759 4639.087
-2218.895 4057.956
5114.159 -3496.806
352.32 5045.488
2866.691 80.916
-3537.355 78.984
3351.77 6480.5
8822.909 2586.153
-9762.428 4637.662
-4677.196 3974.428
-4563.579 6520.232
6327.579 6117.548
-6914.936 -5222.452
-3929.61 -938.516
9815.873 -1264.455
2750.352 -5089.955
-6040.627 -1551.99
3663.575 -5894.173
7762.532 3499.21
1597.757 5771.919
-1697.676 5570.3
9179.704 1018.474
1035.196 -9279.506
9151.161 -8422.425
-7535.237 -5806.76
1027.545 -5884.963
7447.367 7903.963
3471.969 -2689.919
1663.273 6331.354
-2021.944 4868.141
6299.6 -1876.214
-3999.952 2182.052
2601.313 -7885.031
-8705.8 694.371
-9645.564 -3031.569
1112.035 -737.919
-7429.597 3173.884
-5503.25 -2112.669
-3514.472 -2170.395
837.21 -5053.793
-9146.535 -3370.317
2348.377 4499.316
-5854.166 7135.963
7794.315 7602.874
-5796.42 105.261
-2444.519 1081.786
9817.914 -8770.579
1442.012 9782.501
4271.241 6476.864
-5692.836 6159.931
-2946.59 -1308.816
7566.603 6753.84
-1927.248 -7732.567
1639.802 4358.068
-2790.829 -9549.994
8511.607 28.266
4043.774 -6836.682
-8069.601 -5641.033
1736.406 2907.969
-3584.765 -191.554
-8163.194 1792.757
-1957.935 -3170.474
-6278.65 -3107.34
-1839.121 -8767.302
7921.274 -125.804
-6472.823 -944.337
-7153.365 780.68
-3970.199 181.367
-945.167 3761.018
-3960.925 -1432.464
7098.698 -3442.469
-2497.212 -6567.295
-2762.542 -7782.882
-4274.214 6274.387
3901.103 -4841.153
6923.792 569.067
4675.227 -625.091
6773.85 -2024.112
-1396.331 -9715.034
-6484.997 2100.222
5573.785 -9309.943
-2320.988 -890.1
1233.155 1855.84
3404.788 -9602.91
4881.052 7359.173
-4954.725 3794.039
5574.638 -6846.107
-375.941 8899.996
-3901.138 -531.582
9402.47 7367.022
2658.074 8992.239
4587.463 9971.697
-9949.44 2034.024
7049.407 -1549.02
-9320.542 1813.803
-3930.364 5259.927
8083.387 3491.73
7905.517 1471.382
-6646.946 4471.029
6220.506 -3155.53
205.394 -9713.354
-8889.492 -4828.012
-4489.552 -4736.337
2785.344 3777.337
-3796.291 -7827.96
6871.169 44.607
5866.534 -5347.008
7830.577 -2276.369
-6102.206 -5775.374
-8438.179 -2435.58
2152.241 3916.544
-9294.916 -3283.772
3610.092 -1235.969
-3796.577 7830.586
-4471.451 6204.958
6209.88 -9640.041
-1136.402 -2753.687
-5481.366 -1548.154
8877.814 -3095.749
-6299.722 1458.13
8480.048 -1846.7
4829.736 -3525.44
5840.326 761.345
-3034.814 -3748.987
-1256.201 7533.578
7798.689 -7432.318
2107.671 -4869.294
-6778.943 9069.374
7286.184 -6976.952
1587.634 -8873.562
-5991.21 -3498.917
-420.665 7486.262
1117.522 -7531.507
-7187.459 3011.222
2527.264 7902.677
-379.553 254.578
-4670.897 -2347.344
3618.97 3086.281
-212.922 8005.247
-5821.208 -6791.937
-6634.385 8540.371
6571.388 -6155.121
-9895.445 -6508.127
-7647.986 -9813.885
-326.868 -979.849
-2422.091 9945.99
407.307 2441.571
-8812.224 -7244.923
-6009.068 -8192.972
8659.289 -7086.672
-5535.962 8434.875
-1173.124 5858.986
-1604.22 7370.412
-787.922 4705.039
-3805.609 6196.432
-197.582 -1036.502
-4226.986 4437.765
8298.979 2215.093
-9694.246 -4221.829
6108.315 -7872.159
-4146.875 -6586.392
2214.362 2926.083
8130.86 -4360.36
1367.851 -4724.291
-4789.299 9111.009
-6151.454 -4191.954
-8282.953 -1866.519
-1367.959 -1848.761
8456.055 5822.194
9074.05 4863.826
-3787.602 -8810.574
-613.414 -9521.544
4260.296 -5304.053
3885.724 9645.817
-228.33 7619.122
1177.876 9896.913
4083.586 -274.293
1929.494 -3581.214
-5511.115 -5837.093
2522.193 -1478.607
6189.92 -75.384
682.736 6481.463
6807.163 1258.302
1314.178 -5746.957
9973.066 -2010.462
-7116.372 -5287.427
-1084.747 -9135.68
895.549 6863.204
6387.551 -2442.286
984.285 -4037.291
-5779.865 4732.157
5351.786 -4043.128
-501.436 -4628.378
-8671.397 815.166
-7158.039 -1652.535
4018.997 9945.908
5725.723 -4506.154
-1686.841 3943.333
2471.079 -196.208
-6216.918 -9247.2
5402.451 2213.335
-9158.839 -1409.149
9794.765 2853.543
-1744.327 2375.333
8023.439 -5599.783
-2299.013 851.857
-6753.902 2871.294
5633.094 2225.582
-561.416 -1539.082
-1491.28 -9621.321
-6324.475 7755.325
3173.428 6424.166
8302.738 7282.385
2870.776 -3366.154
821.609 -3823.054
-900.603 -5046.373
-1676.372 4870.6
-8736.75 919.237
-3236.654 -8601.094
-2846.924 -7415.849
4010.307 -1550.77
-7915.48 4374.946
-1722.433 7030.562
3842.004 458.89
-6018.311 -8529.148
5900.939 8369.365
7334.384 1744.893
4276.274 3812.732
-4791.697 6561.01
9204.073 6723.274
-6171.628 -8036.034
-124.691 -6397.527
3908.872 -793.519
3639.799 7035.728
8841.732 -3102.035
-3499.918 7433.298
9570.841 3628.726
-5523.781 7156.274
6393.315 -9200.379
-9297.866 3313.934
9312.96 -13.855
-3073.272 -2660.029
7972.964 891.366
8545.261 -5409.213
5411.459 7181.421
2789.642 2039.203
-2971.332 7865.309
450.696 4509.821
9961.235 -5498.86
-8358.487 -7766.511
1012.542 -2945.281
6990.243 3012.482
-3353.975 -9181.4
6492.438 -4667.608
-9856.0 -9828.937
-8188.186 -3366.707
-9226.683 4.926
-4950.464 -1408.93
120.156 1936.355
9439.624 606.041
-4344.137 -3210.522
1333.478 -3566.933
9140.085 3997.143
-464.551 -6358.475
-6376.75 -6149.446
-7625.006 4516.332
4453.494 -887.321
4975.849 -6771.083
5709.787 -6362.502
-1169.876 -9030.14
-3468.681 6032.923
730.917 7583.627
125.043 -440.593
9150.288 866.529
-2522.513 9010.999
-6408.487 1554.622
6219.984 4334.267
-4689.057 3292.372
-8058.079 3167.169
-2730.208 -3346.738
1547.618 -5548.77
-3821.128 -2513.227
-329.938 -4762.358
7955.866 -7202.517
5386.568 -9724.634
-7658.007 6576.129
-4565.324 4638.902
7144.074 -7770.555
4391.029 -792.286
-5193.021 857.833
-8511.901 2791.218
8767.451 9801.733
1488.014 5514.888
-8073.209 -86.154
-5047.625 -858.567
2857.142 -9063.222
-2143.638 -6392.453
6510.86 4429.688
5424.916 5229.819
8515.755 3520.948
9746.952 -4262.085
-4229.258 5785.928
5934.619 -3329.559
-6668.855 1979.864
9513.424 6388.799
7680.401 -1728.986
1745.541 -8562.095
-8079.032 -5836.627
-3592.583 -733.629
-3129.505 5698.818
8099.061 -3807.537
6307.513 -7985.982
3622.857 -5290.709
9655.842 -1435.035
-6839.188 872.746
-7525.773 -5697.795
2600.453 2320.477
-8365.018 -5984.658
3801.173 4863.845
8817.142 9011.148
1025.162 -7452.899
5182.984 1217.949
5242.828 375.067
-4288.355 -7857.045
2501.475 -421.063
-306.2 635.376
2350.631 6277.707
5692.05 2709.091
5209.871 -2595.135
8620.243 -965.034
7162.192 8026.533
5712.212 -1887.012
-2291.558 2933.403
-8420.624 213.378
-9916.827 6568.957
-9540.735 -6413.689
2669.73 2200.858
7818.567 -8070.582
-5714.938 -8839.746
5423.037 1284.402
835.517 -8907.65
-1619.843 2611.691
-4660.417 -6184.509
5313.22 -6456.741
-3945.768 -3955.659
-1931.112 -895.343
-6661.008 1922.695
-6760.945 3321.14
-4807.691 6984.007
-1796.815 -2207.396
-4016.198 -2355.648
2072.884 1619.796
-9217.72 -633.841
293.825 9991.93
-7527.493 -679.078
4439.592 -2727.783
4186.704 9703.18
-8867.149 -5238.979
-894.054 -7118.825
-9570.436 -6027.118
262.001 -3548.595
-8907.767 -5255.12
9623.239 6721.18
-3051.743 1303.93
-9479.78 7269.392
8538.427 6062.749
-6636.91 2812.275
-1076.369 6969.629
-1299.514 -1835.727
-4838.78 6577.64
-9886.911 7497.72
-5262.331 -565.345
5304.463 6850.939
-7539.682 5738.354
4865.297 1563.727
-6413.383 7403.807
-5262.233 8023.449
-9885.268 -7667.494
-8089.038 -890.824
-1841.36 79.433
-5745.296 2138.796
-136.808 3221.618
-2674.468 -3602.709
3237.66 4773.384
-4488.16 -4532.7
-2077.089 -6638.43
4589.325 -4740.574
9676.911 4424.904
-7843.632 -879.95
-1725.074 -3985.989
-5531.304 166.407
-5377.454 2204.594
1509.185 5930.935
4386.39 3719.373
8608.219 -4813.327
-9922.029 5159.846
4112.987 -9303.033
1342.098 -2619.216
2675.84 4970.442
-6524.663 5090.499
8910.83 -3266.987
-3035.87 3591.73
-4007.944 779.306
-6007.269 7314.378
5095.209 -5052.855
-6457.874 3496.679
-9541.273 1377.869
-5590.319 9776.548
-4952.171 -4222.618
-5877.55 5596.15
-1754.981 -8261.965
5087.349 2791.039
440.098 -7391.482
9966.819 455.302
7141.89 -8349.471
-482.701 6304.033
2397.85 -9999.444
1703.853 -4248.832
2813.857 1474.42
-6492.455 1062.463
-7624.631 4313.732
-1780.944 9703.433
-1758.981 7364.927
-8419.363 -8771.313
-3217.418 -3396.083
1227.386 -8136.229
-5586.605 -9259.52
-3124.164 2774.452
3967.522 -6844.44
-8972.362 4264.483
-8477.55 -7755.844
-9659.766 4211.615
6495.7 3351.599
8255.983 -9994.114
3411.448 -9312.747
6891.681 -5963.51
-8486.263 9979.743
3595.551 1726.107
8304.886 -9784.439
-7500.035 -8204.988
-803.21 -2914.176
-8991.457 3737.882
-9487.128 5307.151
-7041.22 -7141.081
6786.124 -4170.185
3862.728 -2508.785
6454.603 4488.995
-2540.421 -7187.031
2343.411 4683.503
9756.39 2752.402
-3350.34 -9953.681
7061.958 -1927.046
1639.686 -5205.783
7607.937 8575.283
8677.978 9299.485
-9149.554 8879.019
-7292.172 -7667.972
8961.296 -4966.84
-6174.836 9184.702
1876.005 -5431.463
-8458.131 8626.577
3919.192 -9094.803
4785.564 -5860.13
-6189.685 -204.195
7138.732 -5051.74
-6232.755 -1605.148
3372.035 -9007.358
-5700.553 9052.581
8774.375 6763.534
-7952.289 -393.094
2812.431 -5697.843
-7829.033 2847.826
-993.546 4338.517
3269.896 3946.144
8832.443 3508.873
6260.346 -3309.652
-3526.588 6096.882
4471.752 -7082.162
-5738.042 9593.898
6140.034 3161.5
202.657 -7362.165
-2365.969 3921.489
6411.256 1721.095
-9493.524 -5825.924
-2294.699 -5851.455
3419.843 8585.863
-2475.19 8944.598
2549.633 5472.282
867.051 -1274.708
-7833.569 -8262.051
2636.77 5555.783
-7223.708 -5249.109
-4033.971 -2109.5
8711.891 8583.277
4131.376 7092.132
2028.021 5337.465
6437.276 -9085.279
-7902.697 -9973.523
4411.275 -5650.019
7159.785 -1624.6
-9396.076 -3437.115
4905.497 4019.356
2774.958 -5956.431
-7267.319 4748.338
9295.027 9483.388
3795.889 -5964.303
8952.367 8165.206
6271.417 3726.439
-3742.204 -8869.466
-4183.633 -3276.82
3613.637 -6157.208
9412.51 -3831.46
2018.056 8907.582
8753.658 -50.064
2833.752 362.874
7077.677 6713.003
7880.457 6611.917
-2255.123 8180.88
-2695.016 5965.686
-4129.863 1657.131
-6802.854 6006.654
3751.373 -5596.326
-7216.17 898.247
-380.547 3598.277
952.807 -5200.301
4997.241 9338.08
-8578.82 -3556.423
7126.616 5478.236
3151.241 5191.367
-626.821 -9414.202
-8502.172 -2586.744
-6648.108 -5783.012
5451.965 7675.424
-1715.494 -1605.532
-6126.036 381.947
4807.88 9595.101
-3185.153 444.116
-8450.46 -7052.169
-9397.021 158.116
1840.2 -508.198
9366.899 9589.177
7561.769 35.318
6344.912 -666.324
-1009.842 -728.821
1346.541 9898.157
6051.076 7232.27
-3565.286 -5749.877
-653.737 6089.103
4866.819 2665.575
6257.783 2942.198
-3417.139 9333.171
9928.836 -204.434
5703.114 8424.181
8836.229 1747.423
2930.778 1593.864
-8230.972 -3040.537
9099.63 8978.861
8470.185 5256.563
-1714.735 -1718.457
-4901.761 -9240.53
9986.473 -3784.908
-3125.021 -3987.36
-1553.891 2344.022
-794.62 -5778.047
2671.034 9876.509
-9473.976 7483.44
3620.952 -1489.553
7727.493 8531.421
2852.447 -797.057
-9065.994 9610.619
-3432.171 6994.646
-5522.306 2316.768
-9750.139 -7901.327
-3369.041 -4717.281
5839.794 9094.726
-5833.179 -8972.678
-1843.811 752.893
4505.067 -7416.134
4089.397 -96.114
-4478.538 -4784.98
-5680.147 3262.872
1759.257 142.535
7221.198 -8015.082
-3554.079 2973.983
4405.61 -7425.251
-5164.362 8561.184
5051.755 226.977
8046.585 9105.772
8771.643 -7639.887
-7364.417 3079.236
-3455.032 8188.446
8666.584 -7134.634
8020.165 9269.093
3506.87 -197.776
-2885.958 -8537.933
6650.799 -6394.596
5964.766 2269.426
-1604.984 -148.773
5528.47 9040.961
-7150.326 4533.302
-3738.829 2789.948
-240.722 -1017.452
767.402 -8741.779
539.765 -7491.041
6822.94 3062.209
6407.67 -4377.37
-3027.275 -6150.6
4971.36 -4775.166
-8577.042 4668.236
-9276.756 -8316.278
6831.644 1973.575
9829.371 -6972.988
-7694.435 4344.079
-5496.67 1191.533
-9765.993 -8237.657
4366.128 -2175.421
-8474.372 -5369.626
6906.724 -8502.083
8823.393 7613.5
-2139.869 -3775.18
-8721.926 -2993.64
-5245.873 -2572.885
3085.469 3827.589
-1164.884 -225.821
6576.269 1506.474
-6531.429 -7593.913
9295.007 8403.756
-2307.858 2667.474
-1724.783 7812.965
-1144.151 5135.221
5466.143 8915.621
4807.553 -9212.371
3260.051 -8533.873
1772.514 -4007.649
1908.721 6259.801
-8010.009 9999.807
3383.396 972.557
6371.752 2687.671
856.87 -900.781
-3847.338 -4928.317
4688.611 5482.116
-4527.328 -3034.841
8104.675 -1622.487
-9697.649 3622.526
6979.554 8110.062
-6636.835 3825.638
-2950.945 -917.863
-2595.66 1961.851
-9938.004 3947.211
-9391.875 9258.017
-6782.559 8434.557
-6093.608 7396.857
-6020.614 -8456.495
-7547.676 6608.207
267.72 -8502.398
4194.569 -7411.928
-4346.108 8203.145
5217.871 -877.096
2164.624 4093.808
9279.978 8324.405
-1804.765 -8690.223
-7760.653 -8932.8
50.961 -5925.276
-968.012 9945.738
8980.086 -4220.306
9855.638 -5001.433
9889.943 -8665.027
-5076.921 3797.372
1822.671 -6945.327
5174.624 -9776.368
-6834.012 5836.153
6800.978 7558.595
-8488.023 -8837.54
7692.826 4520.927
-2457.883 -6539.561
-9382.762 7046.733
-8266.812 -4220.297
8817.807 -4341.388
6937.2 233.825
-2933.623 5498.729
9149.74 -173.747
4188.267 8865.446
-4214.391 -3457.505
3729.87 -1047.766
-2435.928 -626.194
2252.453 -4053.704
-2168.495 6844.049
626.837 -193.091
7337.463 -8495.607
-3295.961 4808.217
-9196.388 8850.335
6194.527 1148.373
8986.813 303.362
5713.099 -8735.048
4110.523 -4056.236
7598.891 -5993.789
6970.678 1072.326
-5847.545 -362.801
4990.33 1644.952
3835.271 -8280.13
4258.749 -8996.974
-2251.856 7444.424
2025.144 2842.712
5641.798 4754.33
-875.525 -9060.245
-124.939 2839.636
6416.522 5758.265
3306.498 -8292.438
-3841.159 1550.562
5834.831 216.814
8431.219 6935.397
-7811.708 -1500.881
-2250.388 -2871.371
4969.448 -836.057
-65.721 -3898.72
8063.349 -346.375
-2537.191 -9671.259
-3510.951 -8027.569
-6387.471 4989.624
6495.642 -9678.18
-4299.364 167.511
6111.877 -6408.068
-7911.664 7981.262
-8855.49 -102.147
-5260.509 -7502.11
552.19 -3710.687
7961.022 8395.013
-2936.976 -6026.55
2595.708 1663.563
-95.946 -7033.983
-1249.514 -2879.423
3015.601 -6683.467
-5910.649 9996.058
4291.71 9780.599
-7428.711 5746.805
-9516.773 -6738.69
8229.928 5146.311
-1427.15 -238.313
-5621.331 937.448
9875.683 -9676.528
-9383.982 -9867.761
4922.698 -8046.954
776.33 9246.143
2836.214 8088.916
2097.525 7020.716
377.997 5912.729
-1561.003 -1941.968
-3372.629 -7684.23
-6748.26 9359.103
-2925.123 -4857.486
5100.151 -4762.724
-1671.898 -8693.137
-314.967 -3887.336
4895.529 1798.178
9573.684 3810.379
4644.829 -5582.425
-451.981 3016.489
4580.112 -6296.327
9800.769 -6110.245
1612.286 2646.398
-6453.204 794.519
6336.488 9652.649
-4677.1 -3994.666
8540.101 -9027.076
4507.827 -8836.987
7329.19 -8108.252
6977.898 6450.429
6127.551 6104.443
9292.224 5605.608
-3554.023 2786.663
-8336.521 -5254.526
7713.327 -7937.543
-9880.796 -9785.661
5437.832 -1161.931
-5087.505 -9453.686
-3501.76 3915.328
-1103.498 2519.628
3866.363 -4558.439
6736.32 5016.805
-7076.628 -1615.893
-8414.709 -7341.497
4817.919 4501.495
4608.385 8934.115
5911.7 508.077
341.419 -5695.784
2536.448 4471.523
5120.614 -341.241
-7380.336 -3372.867
-6302.469 -2781.799
-4169.293 -8217.141
-2767.219 -239.255
9075.845 -1899.175
6507.391 2063.117
2737.085 -4728.462
-6282.555 9108.896
645.776 -1648.816
5847.641 -9318.051
8614.422 -3672.906
-4334.386 -8722.841
4945.246 1053.126
9552.626 -1005.287
-4672.236 997.551
-8341.677 2902.545
3532.326 -8549.414
-287.903 -7116.496
-9248.645 -4329.771
-2892.516 2197.996
6649.219 -7460.298
-5240.686 9291.361
-7191.984 7981.768
-8947.917 7293.368
3122.932 -3027.774
3362.925 6791.693
2527.229 9074.791
3759.793 -7484.368
3310.123 -4115.081
-3365.527 -742.642
-5770.322 8303.597
-5075.246 -9189.167
-5809.293 -526.452
-6080.549 6239.03
-1982.102 8943.388
7513.396 3793.365
8640.107 -6634.612
9651.31 1013.139
-3775.752 -3599.83
-6948.152 -1253.977
4021.396 -2694.171
-2287.923 4861.512
297.802 4933.492
3745.555 8431.831
-2729.016 -7124.787
5184.994 -5866.95
-155.482 -5593.295
320.051 -404.114
-4241.5 -8730.161
-7190.367 6227.271
-6649.078 -5683.087
-658.287 -7548.831
-7367.951 6228.427
-482.628 4697.662
5125.491 -8851.416
-1231.288 9821.694
9006.29 6379.994
-7253.345 -935.068
2430.691 4978.379
4400.778 -8601.952
-1365.754 -1287.729
9893.158 -6420.865
4187.556 -3866.339
2577.038 5180.676
7405.041 -3133.935
-1498.643 5425.427
4851.057 -8392.902
-9224.99 5715.243
-1520.366 -237.199
6614.329 4655.295
6791.034 -2342.007
4499.523 -8956.876
327.318 -1625.061
-104.896 5514.429
3255.172 -2172.921
-6591.055 -602.101
-6047.557 5738.833
-1702.031 -3930.651
5341.772 -503.134
-8581.873 498.771
5603.913 7396.721
3999.429 -2517.496
7467.313 -7571.35
-597.11 -5910.103
-5316.993 9617.373
-5024.957 2653.492
-7198.962 5188.205
5003.858 3524.185
-866.287 -2272.649
-2297.749 -2305.354
-4174.077 -968.307
4893.984 -4388.901
-1927.273 -9806.973
-1588.688 1385.736
-474.095 -7771.204
767.194 -8696.719
-5336.863 -4202.591
9829.031 -76.27
9101.861 2218.06
-6324.104 -3676.531
-4473.074 -518.479
4288.946 5277.513
3767.341 -784.417
-7757.862 -4070.886
3540.896 -3166.156
6231.728 -1565.921
-5731.434 -8230.46
-4144.936 1424.705
-5634.754 3134.094
-7264.326 -8853.246
6776.111 -4883.918
-1335.865 2260.792
-9908.225 -3470.037
420.015 -887.245
-2846.709 -3050.272
9089.787 -8428.625
4152.375 -7445.317
2503.954 -6018.374
-5571.708 5000.073
-1973.007 2812.308
7878.623 1588.533
6076.642 -6461.36
994.262 4323.61
-4915.873 -3984.093
2697.911 8892.536
-4866.705 2651.743
-2094.744 3094.859
-1290.868 -9156.973
-9649.198 -2166.836
-3097.357 1748.951
-4352.38 -7111.548
-5103.578 7547.989
-1525.775 -7991.759
8973.153 -1910.624
-1770.208 6827.841
-7028.368 -1233.148
8174.846 -2243.14
1533.975 -3857.587
-9741.434 -5049.499
9693.052 -2297.348
-6990.231 7960.865
3585.578 -9431.59
-7388.478 5011.633
-3647.938 4431.574
2940.087 9940.41
1081.526 -9072.551
5322.624 9867.784
2.46 -1784.233
-3854.914 1619.396
-3651.648 -7288.028
-8670.975 7738.848
-1436.822 -2642.959
1326.785 7539.613
-6616.263 -947.095
7170.203 2800.049
8171.287 3892.519
9205.736 -5302.636
-1977.628 4365.508
-7759.759 -1327.283
-5847.574 4465.586
644.897 8646.808
6475.512 9001.82
5254.519 3334.652
8729.0 -1338.928
