50
-6445825 -4377271
5430079 2311576
2644762 6314603
-3598395 -5412600
4301812 -544410
2446341 788029
3432143 -4629596
1687718 -6280990
7290135 6266390
-8189805 -1905525
7850695 4771107
508570 -671413
8401550 -888182
9337699 9659855
-4053797 2665498
-1563425 920009
9222353 -65310
-9046834 -1365408
-7717942 -6141836
5024325 -2773144
1828917 -3515537
-8250960 -8491627
5794394 -1134698
38737 4437313
415356 7746072
1392505 -5307062
2925351 -7048575
550104 -5645989
-2904466 5060433
-5731003 -8031460
-2601351 4584973
171577 6426991
-7473043 -5734483
-7281192 8458267
5248523 4548459
6762401 3105357
9274326 -2509853
2926250 7672744
-852648 9530186
-2912527 -1822693
-9865637 1323051
1672215 9708130
9093312 -8415963
1211755 -4543011
3791730 8652048
2105748 -9414719
-4379898 -874320
-2999482 8202369
5937164 4873401
413528 3781380
