500
9782757 -2856886
7493153 -6177085
-7421423 6735360
5699134 -7788781
8208467 4275605
495802 5202787
-3418761 5225346
-7427932 -9244466
-2525821 3306606
-4340323 -3272136
-7914583 1780510
-5448432 -4986528
-8338155 3453468
3833870 -5632985
-3884957 -260726
-5499943 899512
2320416 9884440
-5744694 9402505
-7745393 -5129612
957836 6916961
4600258 6775280
309979 -1311265
5922146 -2283513
-5862083 9988990
6895351 -4236229
-8073325 -5192255
7984813 -2702814
-764754 -3578889
-4430072 -2108612
7014555 8289207
-9036087 9951641
-7760307 -7266213
-8555174 492041
-3358227 1734913
-3549542 -4654204
-2032490 8797285
2181889 8377362
-8777087 -5779496
-7408946 -7487506
7150741 9616192
435318 4258532
7968649 -6636138
-6889498 -6723488
7232357 7178421
6639580 -2917979
-1018381 -4893043
-4444344 -6484368
5550458 -4653415
-842806 -3118611
3236466 -2597505
6114175 9529523
-2269230 3692345
-5989533 -6107043
-229793 -9091851
-8256998 8731360
-8142558 180954
-7959183 -1930877
-6457030 4513637
3240180 1922185
-6977926 -3964394
8469215 -1730400
6016864 2752012
-8379321 -4865156
-8190408 -3659206
-8948490 5352363
-2223795 -4738408
-7445476 -884858
9830515 -83041
-2774039 4110580
-1152257 -4865239
4875399 5527146
4338998 7146472
287199 -3660536
984207 9395256
-6674036 627560
-6051578 -343499
958038 -8558561
3474863 -5868269
8809615 -114882
-5618852 -5390562
3013539 5696866
2641237 -1653731
432049 -3835394
-9486144 6177547
-7248734 1702058
-9178190 4399717
-5426879 -6527238
-974073 5383364
-8147741 8950280
-4797746 2334917
-1146110 -6230798
2100295 4366199
-5465014 1254957
5790497 8931529
2780015 4612675
7013488 4884245
-7934992 -6271320
3368433 -5249386
-9763393 -7231705
4875279 -7257220
8232250 -885319
1946852 -2558474
-2009989 -8018289
6647470 9375484
-2674001 3742895
-3851057 -6920345
1058947 4708977
-4524221 6293050
-2943359 3240522
-8419826 94955
-7519574 4762179
-1910562 9258545
-7989802 -1004407
9202049 -2802633
-1802558 5523874
2108684 276454
3424069 -3613493
-6947560 1352263
5550882 -1065487
-2719668 6383596
4913246 -959028
-2883319 3758210
4208534 6080693
3485761 3622752
-8066842 3015372
6940654 -6202759
3100776 1960156
-6654522 -316390
-8657723 4686458
1378075 -7843893
-2278802 1136800
-7695768 1643574
9800708 5607454
8643333 6560418
2791996 1197668
2654429 -8543876
-4107895 -8987430
2073168 -6524970
8709683 -9616319
-2966233 1059699
8444595 2534566
7552323 -3377925
-9886239 2335530
8473044 1587156
1225932 6171422
8871136 8581157
-1543776 4067570
-432537 -6786151
6444358 -5551161
857510 -9476121
-4756979 2552505
2655411 -2054282
-7648119 4921408
-9136102 -7770530
-7432831 -5467453
-5353847 5329274
2441908 2618795
-6680238 1129247
9678288 1061556
-9959570 9074802
2110387 -4732950
9595580 -5818152
-3249346 -6624879
-1461712 -8937399
9201431 -8114162
-8554909 3908944
-5411905 -56999
-8717071 2948821
303843 2035438
-494410 7698044
-5773628 -1638776
3129343 7511165
-4854041 1078150
-7444404 6138103
6923791 -1132058
7317796 3206026
701446 5017336
5391983 7966262
11464 -9940081
6867340 4150393
-6933526 -9371217
2863539 -3369008
-6324736 -7705713
-7940894 5169463
-3875618 829734
4680519 -6037953
-9212699 -4066459
1477215 1650101
1229673 -3125641
2053035 -8813888
-9762929 9310698
-1887017 7296675
-2312047 9143686
4895395 -9985396
-4980836 -2851303
-9643146 2918979
-7228249 -7876848
8076491 5390681
-4801387 9955021
-6814848 -1587222
5642824 6602699
-7730966 -800103
1048208 -6018817
6171200 8130098
3811295 -4843032
5004718 -3755811
-3079422 -2065904
8919816 -4176373
-3412301 844580
-7358935 1002083
2598018 8636638
-9841594 -1292820
-2220257 9382123
2030325 7557848
2205284 7489318
9895387 2161104
9242926 -7663630
9690762 -4875642
-9983994 -3975906
-7552481 6340244
9749190 -1700521
-3540769 4205332
789526 1449777
-9518301 -6033474
3593526 2119049
5023255 -2957463
2372505 9474135
-9185376 7034090
-6191264 3629977
7137967 38527
2475561 9264074
1489002 -1977850
-7125098 2738329
-765028 -6316600
8763274 9667993
-7477513 -8836847
9855394 -4747649
-2694913 2616278
-1511346 779113
-7691363 -114637
2422419 633658
-1177745 -7868172
-7445725 -9875768
-402169 -5057200
2182536 6719436
-4562889 -904396
3539263 9898859
-5312587 -2263795
-5837076 2777322
-461629 -4504291
-6359362 1777739
2587124 1006354
-820554 -6320411
1503415 905642
5273629 3784978
-4803812 9080007
5444642 7815756
-6769141 4033200
1807936 3073789
-8969293 7263959
-9235178 -7180643
4208503 9091008
-9787875 -1900265
7505061 -4073253
7892067 8485728
-8603003 1865530
-5994641 -1854401
2697552 9367975
-6578718 -3264840
-846926 -1346020
-5647375 5514413
1513309 5129557
2135085 -7679273
-3592922 1406724
2736872 8504959
3213059 -677030
-8488691 9008399
-9684846 4236103
-8049863 -166332
-1004030 5994377
-7292744 372970
9805130 7905170
-4847119 -718959
-789492 -9937111
-7279369 -4088491
-9118197 -2954244
-9281427 4628594
5406509 2656689
3506841 5059286
2969010 -373238
-2505471 7347178
1395918 -5821530
238815 4964399
-975961 5845498
1875405 -1827175
-5771709 5086712
-7139239 9510309
-2567973 3825979
-9595993 -2517508
-1149273 -6687218
-2198209 -6337179
4274953 2652326
4598965 3504039
3601747 2802676
-214135 -2805922
-5825405 -786094
-2939537 7783485
-7560220 2614406
453315 -4567307
-524925 4895743
1241108 -2471424
-6170280 -9996908
7834986 7159365
-6863121 2895740
1587074 3438011
3152763 8615136
819215 -4965262
-5569698 7083774
8518906 5626021
3800842 -4287218
9511753 6349506
9622771 -850518
-403281 6758605
6397710 -4769115
-4613301 -2256325
-2323560 -6975995
7098400 -3562296
8145753 -9989224
-462567 -6169354
7536072 3724055
7372898 -7638111
-7428983 -5307400
-3318762 6559047
7221719 -352254
7405380 -2140764
-6615824 -5865458
3011469 -9863633
-8755631 4401364
-5694708 4926532
1480685 9483640
9728630 5583004
165996 -2689271
-6337118 2225211
-864006 -9836828
-4954828 -4653546
-5708394 3235220
369791 -5332629
-9817566 2775570
-4316592 5869471
5599479 -3743868
1594118 3704437
5325039 7973969
7532827 6081817
-5832691 9615347
9404042 9336563
-8719640 9170002
2186426 3544301
-4669784 -5667207
3043675 -5408652
-4760878 -3070339
1989326 7269697
-8793494 -1141752
-1121745 -6854532
5944374 -6748456
5719996 9271578
9824657 9034578
5046615 -5344999
-8957850 -1045141
-3523176 -8630223
-6132746 -2308900
-260627 -6320858
7363412 388253
-3847428 9964522
8241325 -3124924
-5587802 -4142800
-8477047 -5644830
-2297548 -2725682
-1056498 8004845
-1332932 9203206
-6165747 -3143303
-2203497 9037517
-2061161 -2615951
4228253 2142976
626402 4272090
-4496065 -8363083
5304422 -142178
8220559 -3447961
2273276 -9545606
8582870 -8472947
8408789 3495020
6016454 -7199780
-1707408 -9752303
9908816 -8943165
-7023212 -9711225
-6917148 -3252038
-820165 -2171268
-9305699 -6769350
-5590861 -4787368
1387435 2672419
-7751986 8253818
8324631 3641426
8827882 -4878551
-4512196 5265683
6217867 7455328
5472542 7832959
-715068 -7527259
-9685262 -8686463
-1391292 3219022
-8169659 5961210
-2734683 1204443
-6362220 7128785
5701760 -7456018
8056147 -5797991
-5671924 7243790
3115438 -3218262
8297416 -4548548
110522 6473618
-7270437 9089718
-6766516 9747328
-534241 1079965
3841727 2550244
856570 8832747
-3696136 -5730618
8034711 -521881
-4564014 3648116
7272074 -8604341
-9298926 -7134993
8958138 7968888
-3266072 2695758
-8585161 5757570
-6340868 -349585
-9415539 9503870
-1418533 -4015977
2833002 3854099
1153482 -9698395
-244953 -9065885
1207196 -5622506
1683663 7055257
-1055928 9661614
-4203239 3726382
-3155775 5310152
9113936 1731139
-2464685 4313721
-342455 -2813419
4805735 -2558435
-2023192 -5333221
7176690 125489
-7015407 -5959220
-3204837 1459059
-7161469 -6617543
-2921758 9616284
-4723010 -9547689
8001304 7371731
7066577 5478874
9319725 1899194
1104472 9159727
4333659 -5309028
-104399 1124654
-1265317 5984191
-2845664 3320618
-358661 -776463
2957098 2749736
-6717044 -5072650
-1976254 -4732132
6523369 1626757
3962185 -6318945
-8378794 9656159
7428084 8317416
-9361836 2289934
1364066 -2444714
-4325196 -1607258
-3124778 2504109
-6561834 -7638
759833 1074778
1323123 -3965977
8351063 -1881867
-1487489 5577769
3263710 -9719016
8540665 1621659
-3486547 7114836
-7910720 882789
7984898 3764313
5213716 4751323
-6458077 -1809296
9103167 -2814526
-8875785 7880507
-3012307 -4307808
-8955930 7757750
8669498 7397776
-3131050 -9727234
-7059293 824593
6286735 5999113
6490402 4906104
4938753 -7601376
-4759945 4609364
2091128 -1271882
-9927630 3021682
273331 -3013219
-386882 -3381675
6347982 -3128133
