5000
-4594569 -8000696
-4700114 -2337766
-6952602 8102266
-9552567 271231
-4637572 4439312
-2335124 -8096021
8157607 -7262287
-4665395 -8825411
-6120055 8304309
388719 -6569602
6367697 6072967
3659054 -1012813
3565783 1357599
-1219277 -9018410
7996014 9964525
-2206709 7748895
-7613868 -1956580
-5946084 508951
3433474 -2718646
4921125 -3871128
-2972671 4108808
-8724414 -770906
-5318185 706083
-197992 5743582
9981689 9255952
2436024 6282705
1850639 -4635908
3392998 5057995
-8627909 6854568
-7376438 8798240
112604 7290449
-9738374 -2723003
-376799 -7046579
6253752 -945358
6257551 9930562
7069036 -1689151
9707839 1341036
-3690529 3816839
1672497 9990553
7201793 -1883634
8593524 3899255
-4500841 -8785471
9802783 7795876
3635531 -4174766
1000429 8293126
7575110 5862334
7973919 -7310127
2020187 -1033249
4438218 7488852
-7904952 -1264454
5969615 2772968
-2996888 -4996634
-4553161 -6454814
-4128487 -9122729
-4271714 2603956
6413689 7518771
-5473991 -5886082
1112529 979954
-8434477 -2240531
7646112 7328077
5648699 -5666504
-2985470 -7442080
2643244 2687523
-1076103 381636
5891130 -567057
3022555 -3172001
6587658 -1728057
725302 8818495
5595666 -4048801
-1697571 -2083824
994230 5081559
-7265076 -4907262
-5345273 -1598065
3418300 1083636
9549386 -3908214
-8257470 -1938923
-9093908 -2668861
-5648618 -4821219
-1072905 -423643
8696070 5063141
7497480 6226688
97986 2581958
-3982829 -9122134
-5083494 2099906
1746849 -8395713
4728038 -3428160
2613443 -275183
-4286062 3636812
-4647331 5454241
858351 -1985723
6070598 8749404
-6083299 9333831
2974790 3346672
3255461 -3372578
-2619484 -1971300
6620324 -5901579
8151481 4972489
2447008 -2198428
-6993012 -9853180
1877132 -1679763
-3254547 -3827001
-7334474 8930469
4315605 3160762
-5917078 -5430288
-4988421 -1185968
-2252833 3885491
-3304953 -7364140
8961728 -365195
1991251 1464646
-7528005 746821
9673445 -6344646
7242904 -9872528
479918 3341450
9855715 -4447508
-8343824 1561610
2949070 1920506
5037600 -2450902
-264458 -1605678
-7422328 3435385
-5044500 -5564368
8565159 -689390
-2050480 -2471209
5501109 -5558925
2086350 8535101
-6009526 2801389
-3215693 -1288219
-1721743 521461
8898294 -7421264
2445802 -440801
8716988 -8753579
4978291 7530799
-4806432 833902
-9480976 -5038891
9702394 6281395
-5121972 -9284436
5936777 -2857517
-9820643 -1152731
9228065 -7354567
-9756656 3234597
-4902815 -4666044
-6830133 8661980
-2459149 -8039772
3069228 4032786
-1003314 4929825
5656896 4528877
-8210064 1428039
-1452536 -9368810
922331 -6812990
-3887665 -7336629
-3640101 -4534099
8851275 -3983742
-5827551 6611796
8251905 3199764
-6213231 5013786
9108441 -6740160
-4910319 2943792
9771634 1625388
7037306 -1776778
-419759 -7823668
7928837 -8754311
-8179134 -8404183
-8385131 2533678
-2604147 3596996
-9494420 -991275
5993641 7988440
9163865 -6553224
-6561631 -4575275
-119799 -8669111
5754244 883046
-4727753 -5345189
4996486 3108307
5941209 -4302820
7471437 5021145
2801586 -4035407
2421149 6219015
3173109 -7610002
3821783 -163257
-3343632 5202582
-936442 355464
-266079 6534994
2980519 -4971613
-9371631 7656484
-5520431 -63395
-142718 -6164194
-1594647 8207418
-9428897 -7659056
1477028 291236
-3414056 2583143
-6889693 3435721
-5883525 8215874
-693578 8126668
2729811 7278004
-7353355 8602679
-9888878 -4584335
-373120 7189204
6440248 -7273143
8060581 -6157526
1773320 7243742
4172064 5018999
-2065920 93735
-632379 -801096
8614869 1303685
-4798903 7134310
8819481 -3546276
382887 2343050
1081400 2509918
-5329252 -903730
4408845 -6030158
-1953091 -1545877
2064163 -4785449
1070645 3156924
-2769186 -9514095
3805587 3004069
-5328553 1103780
8966083 9905688
-9201085 -8323410
-2396883 -8082672
7167806 6030435
6353753 -3844168
4338833 3948141
-8753151 6188149
9172817 -5511951
-3269136 8164504
-7069961 236559
5073641 4082899
1110505 9113120
-1325374 -8177909
-6583395 -3337754
-4147100 -1140766
-5813624 874165
4864488 -9618312
5600368 8072172
-354197 -9290873
685003 -6401386
-260859 -5119149
-3542427 -2735984
-7848089 -1150668
8643863 -5825967
-5335911 4740487
-9645561 8984420
-2295211 4182778
7018092 4125526
-4935406 -648790
-2257803 -7365974
-9818830 8300913
-4343034 4634001
-4481090 827417
6516848 7182201
-1054845 -5935270
4591827 6220653
-4423808 -4089995
121804 -2514988
1947656 2157802
-1527352 4926169
1672965 -1583473
-2557084 4882817
7822608 855345
-7017121 -9870954
-3983902 -1728805
7362311 -3487303
9779692 2286108
1927599 -5596514
-5913910 -1413732
-6138368 414401
-6063062 5641423
-7249658 4971995
209305 -6322007
-2947006 -4065059
-7862585 -173000
979424 -9872457
3531276 -6735506
5738549 5890726
4251151 -8284934
4560041 -644856
-5634282 8369930
7562445 7748031
8156812 -267691
-1693887 -5807198
911708 7564589
404684 -4540782
5127349 7186916
-4609062 3477171
229543 106344
5968121 -3843450
-6574628 -5695424
317559 7482008
-410968 4155373
9942321 -7754969
-4919837 8182583
-4938545 -589448
8927764 -3120075
-6447088 4408039
-3266344 7632818
7708153 8797925
3949778 6987896
-550665 6627688
863952 4836974
2142485 -4346088
-7645476 5257393
-1383619 4153914
9699442 7553302
4888655 -4636047
4435053 -301267
1294215 7099330
845271 -7750107
3145475 -4592775
878451 5344221
4470049 8717838
-9079274 1875530
4854122 3517535
-2369193 8674528
-2700298 -6186391
447050 3738023
-2356046 -6706298
9232501 9553642
-3752161 -5561019
-8689301 -7168364
-802815 4654362
1723810 -9183311
9245270 3608819
9391268 8829754
-123108 3919364
-8221774 -9121972
3737451 7086189
-2565519 -6030508
3373751 -123387
-5558878 -3782103
6042617 4017192
-601084 1844016
-8329741 1871080
3434604 -7884166
5445094 5361306
7032082 -7294125
-4720179 -7449821
8920042 -7844793
-1139920 -310004
-5560999 3615378
2149180 5251002
-9814569 2603215
6112639 2230808
7915234 2136084
-7183793 -9030432
8778949 2532339
-2475599 -6400417
7787395 5203159
-9555582 -9947667
-7715338 2366467
-6957684 -5404894
-7842621 -4386567
-7117257 4981655
2271333 -6183822
9053483 -4122603
1273845 8928390
8065187 9411934
7507407 1295900
454209 -30838
-6918067 -2640179
-541134 7866840
2767269 -3378340
7455190 -5605618
1560899 -2802764
-6803045 -1928436
4385055 -6412050
-8218693 -8827546
6208682 7551636
-409798 6666674
8311324 -1979457
2684660 1250207
2267059 2308625
4087769 -8747329
2874368 9764115
4735756 8334853
2733921 -834249
-3513608 -2226014
8035955 -7072916
6056594 -580932
-9149362 6655970
-7713721 -9013362
3214172 -3023051
-1692016 -2356135
6926230 8360967
4036653 -4830672
1287662 -1981576
-5259301 621201
-1208018 -8669121
-9928086 4979669
1677945 -7300730
1176665 -4786416
3142330 295632
4664202 -592742
821766 2562540
-9486342 9483863
8148261 7811146
1350921 -1461956
-9171638 -8835774
4293640 3471924
-5799078 8087610
3183323 9375739
3062705 8730843
9387951 38662
-7112093 3266539
-9351647 5054928
875532 -6304354
-8327880 -2772983
-8904113 7489691
-7893657 -6705285
-4724379 6809228
-124815 2680450
-9230800 70512
1745675 -8051973
-6036863 -6416994
-67491 -7484324
2477740 7638007
5816914 4688241
9730586 -3394716
6884561 -2042966
6779694 7592079
-6908057 1854790
7341307 -5523983
7144428 -2495743
-7399773 6367341
5248119 6522970
5695982 503887
7047586 9684884
-2577882 -5026670
4234520 5377370
-588407 -1939148
7364714 7954079
9213631 1743734
-9539930 9831816
-9669026 5637588
-4720699 -541611
6442352 -6964651
-4673860 -4043383
-386424 -534113
-8397331 -3485370
-7863963 -3898542
5484892 1509584
3698305 -329861
8574677 4505144
4233921 9625580
-676333 -6129222
-4721281 -934881
-979345 -9315693
457977 -5495998
-5751348 9455765
3304294 8007601
-4951460 -4290456
-8692693 -2306987
-9019679 -7987422
-3619471 -8052102
8006901 -9199158
2768881 -5858958
8886410 -7996034
8310205 3202146
5764783 -6674222
-5844799 782061
-7298147 -1084904
3502154 3950501
5708409 5019436
2175030 6520957
-6664142 -9096174
9510512 4346540
-4772635 6024487
4769092 -9669367
4653968 8573061
509857 8011133
7191200 6972941
7316602 -2084306
-1867245 1405780
-5478548 -1103166
-1976892 -1359088
-3647180 2213480
-9501833 8171660
9205458 -5392156
8269288 4241135
-8435955 446394
6282831 5942688
-8458840 -3897206
-9190520 3138650
-4697449 3436380
5315057 -1823224
-5818470 -6988002
-2901178 2542802
5009785 -7203141
7195157 3958094
-1722801 8077721
8448927 1233846
-6356777 -5895540
-4491372 6460918
-4120293 5602497
-9579640 4484446
7255131 -3860977
2370607 9614653
4664452 -5867155
-5824251 -2591260
1418887 3710421
8385445 3366895
-7958841 9093993
7097510 3586462
-1480795 3435101
-4736706 9249417
7414626 -849362
9260480 -3674401
-6064790 -5869550
-7312783 -452866
8243892 9030299
501133 5677139
613559 -94113
-3396729 2977579
-8108355 9891347
-4332814 6824476
681034 2759193
3630231 -7280295
-3269695 2542806
-2241845 4642591
8095714 4738051
-6625431 -1715392
3418301 5724181
3578957 -8028477
6081928 -8542309
4697626 7023998
-5256799 -6300340
9285510 -8695343
-1304102 -1301559
-7307437 4314520
8808763 2812166
1437837 -6167057
3941864 -2822909
-342716 5281833
4059063 5251888
9888014 8155437
-7649280 -1396945
9988991 -9884101
-9531065 6546093
8991614 -6445863
-6047395 -846289
-1215352 -5576946
5483653 -6463565
-373709 2510566
4930815 7783178
-609691 4682100
8952949 3150886
8362213 373213
-8998435 6615148
-7223862 -9840345
6917062 813976
-7591918 -5863514
-8666222 2877462
-308535 -2008438
660883 -8141260
8559043 -6554877
8486 -7593553
-7398053 3183898
-4015606 4588872
2722807 8040809
1177473 -2974467
8691769 678562
-7316222 -2955468
-2544884 9587069
-9366897 8120779
-9187183 -2804230
-4485754 -142764
-824235 -2309652
-9841306 -1143790
-7416581 -2181550
8736544 -9592688
6093133 1774282
-593468 9909853
3321535 -528728
-94624 5779880
-8112684 -6773278
2724023 9123378
-2565322 -3194494
-7309371 -8296382
-999290 -6220712
9674305 4390867
-1068332 -9250892
8120885 9103923
7911354 -5230917
-43964 1009230
367045 369164
-8529375 -4517637
1014101 -9855313
-5123780 810274
-1884314 -2788260
-5484318 -9478768
2640417 -6014809
1500317 6592846
-9548670 -187596
-2462186 -7201869
117124 -6550661
-8928687 3105608
8626426 9660218
-5554600 6212196
7428804 -2326643
-9684 1984219
3137156 -69746
-2357169 4865766
-7782448 9056462
541650 7054434
5248062 -48823
178654 5059270
-7972758 -486246
6406364 4897474
-7306147 8387355
-7333076 -5667222
-2448532 5720570
2927291 -9220634
9800168 -3817074
-8324342 9181890
5136675 -1410409
7425845 8671066
-4411351 -9308180
2524532 1552592
8648633 -6787654
8267545 1675221
7884782 5502536
6412831 3611525
-6769318 -1263648
16825 -9117812
-9170545 7937444
-3363737 1312337
2162754 -6121311
-3135580 -4976575
9151207 4149658
9433274 -5696987
9286519 9868249
7181107 7223865
-6454900 -7240977
-5531844 9755165
-9050201 8913114
1065990 -9447598
-2122714 3471438
-3351539 768590
6568546 3306225
-493912 6378683
-5726354 -5786641
2466073 5270302
-8451909 8357077
9079679 -7964009
-1878241 -9041895
-3109810 6106076
6015291 7054064
3889202 5514098
-7086568 4692644
9676621 -1682186
8220873 -55257
9050869 -1614930
-2011915 7579997
-1154423 9624994
1074139 -9767632
-3241621 -5001092
5003531 -8363472
2446523 -7301148
-2583273 5494455
1327714 -7454561
7495620 -4332805
-2252954 -1416353
-3480622 -8852653
4712954 -5090749
8805440 -9050076
-8696712 -3378252
4613591 3243203
-1738966 184340
-4557930 6228560
-3336628 8059907
4957871 -4433809
-532806 6783245
-1517339 6870115
7775778 4161853
-7756484 4336053
-6763732 -7319262
688167 -186584
-5557260 -3229342
4530051 -7191066
-672022 9221834
942329 4774552
1666524 5629877
8809673 6621570
-8019569 -6334670
5434985 2007462
-7948090 -2086708
-3705469 2625566
-307442 7913126
3656437 -5208696
-5342762 -9045623
-1367234 -9415228
4552867 -9990942
-1399826 -6191458
-6417672 3881144
7503598 -9277304
8878286 5222318
553402 -9718429
7080183 -2231532
-7162802 1254158
8958663 2402021
-9705427 2246006
-7474036 214393
-5593387 -2684621
6155951 -6416025
8168965 8054809
-1088272 8647746
-9092110 -7106526
-7309703 -7511316
-9241451 -706379
-3679731 -8107277
3693569 -125317
-8483838 -1755792
9108630 4544427
-2004648 -5593541
-9682119 2630704
-2722125 5724854
5159427 -641978
30451 -2000460
-5152539 -7874730
8601932 5121845
-5075364 -6768559
-6836150 6974370
5252746 2741968
-6760956 2757116
-3613396 -4738055
-7971608 3302607
-7270888 12275
7701606 -6458772
9239640 -5184980
-8128691 -3564575
1843874 -8104768
4208563 -725038
-2066843 3616959
8027846 -8445831
-9517499 839529
4222657 -7991236
-9289430 7016
-9995277 -4069082
5104067 7725980
6687695 2159400
8929514 4501377
-2571168 1013687
8527978 4698397
7919098 8467591
-2006252 -5318730
8014060 4085531
-1878739 6480943
-2326246 7092316
9089290 -3235899
5955895 -2270727
-6522028 6517492
3785777 472471
-1748057 -912349
-2844419 -3049487
-559760 -7647657
6196272 7601675
51892 -2393266
-9490865 9404838
171232 -1429695
3732293 -1390202
-9582233 -1379495
-2156653 -9231957
7327945 -9247424
-6647987 3682545
-2170470 4125121
-9641850 2191176
8157747 2128903
-2906923 510586
-2523824 233566
-4332685 -8506547
-821935 -6579699
4920206 -9535984
-875875 2873234
1191523 -6257278
-1201418 8684533
9801804 -5113322
-4211024 2063432
-407497 9887804
279576 -4836573
-7275208 3167594
9080274 6317010
-2352707 118230
-3158179 -699958
-2855471 9750567
2779993 1143305
-3503384 -8611467
7268567 9960889
4555020 -1968443
-9697294 1374896
-5417718 5975842
-149564 -512118
-3159831 -9941394
4248671 -778854
5172963 5450318
8811018 6663440
6881407 -7558244
-7182245 -3308558
-1609836 4506596
1565762 -839641
5812226 -6454685
-2717217 -7018125
3677843 9582258
-60024 -7954630
9073670 -6497940
3406178 4216985
7748611 7710872
-5534520 6261868
9633232 -7084103
-4491103 -9550654
4366411 -2217173
-6564037 3866309
2457094 -4256071
-9987791 -5872121
3294695 6730843
5997839 -3576372
-876524 6555095
4574934 3853737
5283696 -2882934
-8966773 -8054086
-3606504 -5512546
4096019 -8193471
-9093783 -2061000
1247241 770877
-3749635 -7086947
5844729 6450650
2115099 119570
-9996027 -8332297
-7220261 3230808
8778807 7575874
-4983686 1751255
-4065811 4430687
1669121 9644244
-4555357 6996913
-3594040 3050014
-5493178 8069009
9179284 1318954
2603852 9312715
6861022 4777139
7589047 1309375
-2968374 -6336949
653941 -8053127
-2635967 -5116191
-6000585 -9030165
6378604 -2542552
9512325 8180746
5117753 846890
-9054417 -8872908
3053416 -9308542
6090802 -2075637
-8459053 -2330500
4969879 1421131
2421611 -2590511
8859117 -254515
6633646 898040
339751 -7533066
8009801 5511459
4727776 6257109
6831099 3416428
7244360 6270928
8500297 -3038135
-4396133 7078374
-3088243 -4483061
2777192 9089290
-1066819 4535381
-4324979 -9060065
1945002 7854773
-4199303 -2434292
-6211188 -6855786
5624860 -4829216
8669648 -5150707
6419520 9568304
-1730254 441056
9136309 732646
-4716180 -3083969
1898313 -8204440
-2950821 8388165
4147984 -1838139
3742911 9113280
7060684 -1722311
9911815 5141259
4509432 -7474462
-3115583 -7730070
5987472 -9629429
2277435 -7138359
-3568983 -3491709
-8783684 9653850
862925 7645852
-309235 2871020
-3396260 8507608
-558276 -390600
3386303 -2155189
-8523478 628478
-7474502 -1927429
-626831 -9147151
2389457 -2700297
-4167441 2434820
4574127 5871852
-7065066 6739606
9094830 345842
-6759465 -1881787
9584340 -1931287
-628713 -8735356
-7494118 -2185921
5641097 6794228
6478365 2520638
5493170 -5482667
9103461 2856939
-1609108 1158541
7731110 -7085851
3314510 -2307770
7731191 -9380745
-7663478 -2976866
-203878 -2138664
-1847936 -7238656
1867288 -5355227
3525460 9199612
9996642 -891105
-2055616 4591387
-4691338 -3629043
-4036754 9317457
1536082 7798200
9682138 -1763796
3044408 9258231
-7995625 -7359340
7684024 5823538
9510963 4858369
4081685 8524226
-2808427 -9230680
9783984 8177514
8591030 1816590
8991384 -8677457
-6954944 -2854821
-1460397 3382625
141724 -9330726
9966795 -2412948
3497823 -574790
4807960 637771
3988565 7084350
5662172 2442145
-7816865 2653511
-687115 3762159
5599111 4801333
-9689621 4310620
-845399 4261947
8209465 -6772368
-6480240 1894172
-823879 8038094
-745982 8033396
8699210 9118615
8295011 -2107377
-1003063 -1732102
1456181 -9605
4802982 5703744
7245099 9338764
-1365265 -1246586
-8830504 -9081251
-5838326 -1656184
-721988 -1943273
193502 -4937348
2412942 -5945975
-785718 4096987
-9892905 9575884
-5061137 -5670903
-7482800 5757352
1284502 3777318
-7937225 9331159
-4237313 5731741
-4709665 -3512242
4342696 -4405380
1159857 -4831789
7474401 -3572195
4531160 -9138662
-7788067 8190129
7869611 -3354918
9884870 1738975
1712933 -7978132
3006341 5358183
-9408207 -2678645
-7990385 -4250464
-5013841 6203699
6989313 1003709
-6266621 -206886
-9748033 2003561
-1141881 6344150
5217832 -4054358
-8819027 -3491567
8252985 -6790865
-7054470 6365860
-5844656 -1114330
3737094 6377903
-1210465 -7044804
5175211 9623795
7669149 -4413118
-9654140 1637113
2659563 -8062822
-2439857 9101858
-3081505 -4746413
9884330 7226353
-9169841 -9327124
7689216 -8279161
-4300200 6626828
-5758323 -3244144
9696582 2554444
-8287185 -3427160
9146231 -6733413
9716550 -9083217
723500 6008465
-8920150 4210966
-6236858 6801544
-2343396 5409023
8350870 5912403
-9178257 6228619
1907087 479133
9949212 -3599126
-5712321 7893457
-5958379 -4641482
-6240594 -188080
-6052277 -5481725
-7600431 -267265
-9140272 -687821
-3733358 3322882
-9341042 1133616
2527641 4059109
-8516393 9472590
-4589551 -1150415
-184622 1594690
811765 6078394
7968601 -9930543
-8457530 -3752078
868493 562967
3463339 1208202
173299 6255797
-7397095 -3918028
528997 -5283911
-2689621 2722293
-5691225 -2881801
149181 -446084
231079 -8357627
-2358218 4501670
2059688 8248313
-321731 351308
-4200551 -124079
-9800732 -9738396
806304 4856667
2486972 2832472
2150457 -4872284
-4724200 3029195
-7670543 9590090
-6482939 8913778
-5064238 -3307858
9464819 -2553382
1897110 269407
9065351 2576009
5543398 1441054
-2138001 -6015780
8149932 5382311
-2289239 -5204608
6333054 -5466077
-8885904 8187868
-4512265 7474429
-9600976 -1536351
7648736 -6072628
-6841973 -6056688
-1547744 -9442516
-686822 -132838
-8984379 -2188331
7956978 7675652
-2999635 -6670596
-1981381 -2011005
-2028975 6689854
8042932 -4581699
-9096655 3046822
5674274 1949014
-344715 -404339
4484289 -7030546
-2041482 1932482
-6860216 -6575777
-8151172 5072729
3543422 3906755
-3706092 4176524
-9675415 7326948
6142650 1570921
3348212 1120628
4426653 9853552
2091066 -2982924
-2925137 1979884
-6275020 -8417923
-4414803 4073841
2697198 -6258931
-7637147 9861644
-6614047 -5269368
5423686 9396687
7162323 9158883
7888068 -5267025
3554092 588910
6479923 4418905
-4141663 9724572
4040024 499393
9945725 -8138488
-622938 -989100
8273954 847169
-3673414 -1444116
-3731555 -1389830
397189 9264966
9088554 -463221
-4213988 -5314036
9784727 -7681571
-2111106 2934489
5030691 -4240173
3964952 4768099
-203244 2578547
285738 -9020125
678497 7325866
-6390837 2768427
-6857389 -2052461
6912664 -1624555
-7427754 -2402221
-4521055 -2102666
7201704 8050552
7916096 -1191373
9889655 1481094
-5016067 6558518
7395532 7872804
-1588147 -7027387
170085 3601943
5341865 -2062154
-2407864 -9017726
-8615247 9301188
5645377 -1653510
-9815277 -779594
1805475 -1069022
-9940084 6228983
-2265749 -2496513
-6416320 -465870
2766618 6478423
3386884 -7281770
-2481118 -8060120
1738243 -183255
7177753 -2670789
-8045812 8891855
1103127 -4731440
1833911 -9844713
-4678518 -3399335
-7485020 -1926831
-2816400 -3152407
-3132767 -7888513
1607592 7641110
4333884 -9747194
-4124087 7304619
-3894584 -3001950
-2826349 -5020038
3059187 2947346
-4248846 1091478
-163452 804370
1225821 9575701
2909861 -7363981
-6587701 9106969
-7425181 -831204
-4909825 4560935
3788986 8271961
-3573012 3576905
-1470419 4176952
540441 369881
-8429046 2611116
-7328894 -602111
6296781 -799796
965253 2345801
6163344 -9674444
5883129 -1918992
9810717 -4790331
-7844900 -5379739
6698370 -324811
9510029 -5187602
1474083 -9698440
-5671765 -1190610
5501257 3981597
-4694438 3888667
-7584840 -3115701
-215415 4501058
-5482653 -1299395
-2605572 -7417964
1548571 775211
9633982 7491350
-9397944 -728486
608466 6832501
-6828460 2003350
8329750 -7746825
1522180 -2866354
-9869302 6102115
545405 7012836
-5354901 5962580
-1711661 -5518449
-6654392 9162338
2528613 9800756
-3670917 6839674
-533922 -8067538
-8865359 3368986
-8856562 3196533
-5115041 -3282260
3499359 101932
-982052 8260760
2662864 6838423
5740107 9744486
9825690 838998
5939515 9277073
1130059 -4446618
-1669062 2414134
-3222613 -4476660
-3701787 -4535280
-1897644 4782789
-5547841 -1400577
3197577 8594696
9163432 -9589967
1090963 -5137313
7868934 4656338
9780778 2466195
-9948106 -2763361
-3283073 5254618
5807348 -4592079
-7496700 6157001
-3140134 -8625336
-2313409 -7440872
845277 -7621242
2102570 5048705
6741361 8114799
3073825 -4487408
1093446 3130393
-8977936 3662174
4239238 7144241
-9380221 -327313
-5681584 -2473778
6475665 9024302
6716223 -689992
-3322608 7728487
4461176 -4233170
9450608 -5872121
-7593707 6330416
-4982641 -1472256
-5618851 6704345
4853779 5343390
3017752 -8172937
-9450919 6547510
678498 -602744
6927942 -3968989
-5620203 -7808142
9266522 237318
3942645 7085742
2692887 3518107
-1015234 -6019011
-2845354 -4575052
4956919 -9916278
-9101784 6309694
-8513847 6255685
-3427712 8251442
8976673 5629731
-1444739 -2437530
1038719 -5218689
-6246672 548553
6572907 -4392863
-9578903 2468418
5263980 1328073
4683599 -3893903
-9185466 6658504
-2346818 2530120
-1434930 -3712560
-7206033 217549
-985850 1771368
-1074006 1789869
-1671601 6195709
9857346 154003
-5204679 -1621536
-7530383 6738837
-6961500 -3267826
1532149 3352297
-3575168 5836809
-653100 -500982
-9894727 -5142136
299827 9816306
1688776 8341188
-8050261 5746215
-1758978 -8071033
2358803 -9211246
9265743 4937844
9021365 -7032748
-2624803 -1063461
-6450444 -7286943
9677228 5008345
4896198 9162201
2510228 3511120
6002363 -9822196
9073486 -7701581
-8499819 7580057
1786766 -6560207
2507269 -9802282
-9325024 8213051
5479604 1228812
6196726 -4823837
-8924641 6446477
-7444735 1407529
4891243 7484894
-1790196 -8756520
-9701931 3725622
9191235 3251483
-8220910 5564499
-4977846 9326689
-2050349 -3012607
-6364398 327854
-7002329 -731459
173495 -7242131
6017548 -134750
-287236 1936156
-2610902 8923836
7827161 -5222356
-2425045 5961761
2786297 -8253156
-2761541 5159558
4145257 -8915996
-8842066 1249445
9277384 -5645471
-7959639 7164017
-8709693 -3146090
9490183 1479035
-9708774 -5351079
3699992 -6913252
-3800275 -1602272
8916652 -9379522
-5263345 1177136
433936 -1757365
-9388056 -8102046
66485 563089
2083494 3428716
-9728023 3752176
-6109226 9033631
-8167700 4798639
9060221 7247195
-4545744 6497505
2037493 7853906
-1122204 7839419
7808269 1213963
-5416624 2097410
3114934 -7707817
6853998 -3997022
-6169916 -5576543
7787494 187719
-3321909 2927419
-7930642 -2874806
-6946091 -2089904
-1499978 -9733554
6316660 3268760
-8372484 -5246022
-2171264 704119
3860022 1306270
-278727 3930178
-8677673 -8909229
924357 6964110
-1828075 1300901
9632550 5932061
-7351937 1347394
-9298383 7000392
5658541 9358285
9141081 -6673622
-3984726 8302919
-2963135 9269438
-541350 -4131368
4110902 9885731
1018002 -3560375
-7653963 8716701
-4944533 5217622
4197312 7000816
-9586054 5883333
2462268 -3674517
6758031 4729449
2557378 -3635591
7636901 -2506375
3370039 1848302
-2815760 806988
-7706722 864089
1530832 9041331
6361876 -7519970
-5393787 -8096526
-722014 -5204308
-3569694 -3497094
8980286 1805510
-2730335 -4375477
-9597051 3244088
-7885615 -3801707
-7127110 4079004
-2381310 5606658
-680702 9761977
4555560 4302767
5288150 8870728
8158723 -2614280
-8723 -9235806
-2490928 3075433
7195504 5435021
-2879943 -1729979
1358174 -5479926
2487174 1719110
-4798861 9525718
-5965445 -1370736
-3300103 369262
8620636 -8820109
-3261447 6030479
-4125547 6868521
779512 9870355
-1397218 -6746177
1072516 4752949
-6447487 -9651507
8345960 -472385
-4969545 5001720
-7157647 3996474
293195 4024254
-4977492 -7222067
2870222 6917632
7950420 1557293
-6966746 -1937802
-4084948 6281375
7422028 -6000604
5770544 -9656192
8417157 5788089
-9148871 -9022053
-140060 -8396071
-3793197 -1440001
-5919244 -7354298
9993415 8818673
-2563798 -8607651
9073309 9752364
1316717 -506056
9885504 293119
-6332140 -6189545
2975324 5251760
9201021 3268446
8952251 497632
-2101533 8365820
5762303 -2583624
-7937795 6685175
-4723471 7184144
-3006350 8880882
-1292909 2409784
-3333733 -8895622
-9320468 2445044
5203193 -3926959
9036952 -233810
3432531 -445043
9678286 3471605
-7785604 -3831107
8843969 -3721673
4709879 -3063215
-1759908 -1502242
5887441 -5653550
-5614676 -1863460
-630419 7175672
1601812 -9498494
114946 4510523
-4400393 1335717
-1997843 8242215
9129359 8857231
1541388 -5015517
-5566397 6559843
4035216 -1800771
1790839 6108309
-8805019 -2501027
6496352 -7668836
8404012 -5509290
7572620 -3204448
2136718 58658
9331990 1803110
-7183621 6322817
-6139041 7210959
-6505237 -263775
303664 2559714
-7250160 7983777
-4740620 2436398
5884061 -5527945
4876322 -6898043
-1500200 8561663
-4249756 -2364093
-3811661 -4095727
4647257 -6850661
9824060 -396176
-6661999 4735090
-8686153 -9732795
-8433858 -92647
-7313247 -685028
1455489 -2209042
6959562 -8311562
-2900534 -8982022
6094061 -7028591
1027356 611176
1570414 -8919697
7255590 4188116
-4828461 1606883
1125681 9062286
9762940 8340592
6055592 2182120
-3940922 -4423754
7114389 2630675
7357965 9775828
7105126 6177362
-5030871 4581979
-9452391 -7268094
-8597099 -9494624
7503245 -4589723
-6607436 1815075
-2912077 8908238
-2874071 -3672764
-6884356 4772801
4482626 -9185194
7847219 1016158
-2265186 1159992
8398518 8926336
615120 1711562
-723431 -1944296
8241838 4066242
9018394 -5771553
6451674 -8133848
9403494 8588812
-6448626 4688333
4952181 -3171427
-7496612 -3270108
7846374 -7345984
-9796100 -4755056
3463415 564937
7748653 -4441114
5846759 -7955158
8738809 6885122
-7810917 -8434014
8684877 -791950
1278644 9131051
-143433 -6372577
6064945 -3768098
6240558 -2806305
7176299 -324479
-3175314 -1379582
-399293 9852362
6952779 1110147
-545935 -3921609
-4459597 -6524314
-7969791 8036463
3980021 -5840798
3671888 -4870761
-1092842 9188669
-2091935 -2000732
4169436 985782
532 4697022
7416011 -3611853
9232882 -9503587
-5413329 -4705417
736014 8141285
9481576 437278
932103 -1307552
-4139636 -2215471
-8322740 6088437
-2140503 -8151587
-2936130 -3868192
4651780 -2894083
-135990 -9588000
2982325 -1158282
6173333 -9011782
-5501652 -1607280
-7759875 7544115
1405791 -5444251
9820037 5332671
8549733 8965501
8052472 3058811
-2566110 368841
-6926875 -8309971
6266247 158445
-4422941 -3628671
-6787363 3576860
6386124 -9170413
-3769001 82542
1870743 -4081359
6733858 2758393
4106143 -6201153
1724782 -4210185
-3039390 7063243
8417971 2997084
1268801 -8919519
-878521 -8825332
-3629104 -532057
6380962 2730534
4936103 -2737718
482650 2241782
-8671327 -4421676
-1534068 -9599144
1994277 -3362129
6858703 1751071
-5043346 -4145270
-6646664 -867638
8135312 5628801
6233651 -6542278
-8900885 5934770
-3837523 9802630
9474840 -4595172
1029433 1373779
8502534 -295244
-4690560 -4035673
-4168824 -3575128
-892264 -6498312
1381354 8276019
8819644 -2088183
421283 -4589721
-6878952 759043
1087620 -7419541
-9884213 3104715
-2943615 8392616
-5056303 -5872269
4877974 -1283192
-3659835 8025649
-2699261 9561865
4271055 174575
-5354666 -8444759
3789016 2646268
-3919399 5807834
-3821691 2024561
7142486 7702736
-9617109 -7603986
1272735 -5161420
6141893 2111464
-24369 5927136
1889337 6755923
8234875 3669445
2010899 -398359
-7270280 -5183670
658023 -2303945
-4282866 908079
8579968 4536142
-1028083 -9785029
-6261324 -909508
-1675065 7805983
2692512 -2891658
8875315 2630493
-1797046 -608675
8641804 -19797
-5332073 -34723
7068366 3772865
5366917 4355893
-7454980 49805
-495950 3058787
3859915 1008630
644245 8682512
1021270 -9569069
8510856 6365154
-9544960 7735486
-5812150 2368757
4129829 -158975
-5914529 8139054
1542020 3162110
-1531313 -4823552
5847231 -7623453
-7400264 7878960
-3150327 -2134093
-7553747 -1852802
-396688 3696945
-1925649 3788877
-6702653 8790458
-7597811 235071
-6794946 -9316253
-1244929 -9899950
6403801 -3593813
-77156 5192587
3579867 211954
-877207 -5093878
1901768 -4960415
7879401 -6424452
-7152065 -4046849
344126 5384670
-9053542 5435560
9699585 -2853491
7140374 -1456446
-8182599 4728262
-6702118 3423178
3582891 6020443
-8524084 -7746054
-3486227 -1452728
6610156 -8523833
4519526 9943208
-3369062 2828553
9575952 -8626711
47091 2073003
8856169 -8206820
-8216157 -7286673
-2060968 -2822771
7570260 4363789
-4135178 -8827078
-8523943 -9855641
1526519 -9950811
-7444055 -7445455
-1690279 -8384527
1116576 9833063
1576580 -9459387
-666614 -7639846
1370269 8000418
-6643176 1517526
5894418 -1004246
-1332848 -6390571
-2958845 1254315
-2142633 6325932
-1691978 6233570
-5127902 -7446831
5728714 3004977
3739618 -1139180
8111116 9646292
-4998687 -6588917
-9529486 7189036
-3308086 1244136
893876 -6663402
-1330543 -5942455
9356029 -3110424
1965062 -1466903
8970154 -4308282
-1668818 9888361
-5368088 4663005
-7136224 3701483
-4155312 1494521
-6606062 -5009686
2066391 -1364159
-3403858 -9070147
1484577 -6639351
877496 3799989
-5776003 2249232
6252553 3484816
4665499 9960086
-4816754 6514382
1937929 -3772365
-3325579 5586402
-1405120 2678950
-9284633 -7003548
-887490 9865089
-8338921 2219764
2412605 -52142
-9137361 4682275
-7350679 4906366
-4088741 -4821652
-1511796 -2798109
-8106335 4935573
-4718689 2246062
-4112751 8505149
-7715320 -5393538
-6731719 2792248
9803567 -3698982
8581239 -7237951
-3362294 -5225448
7396647 -8621726
919828 -1190712
-8114861 -6896158
373858 -4762818
-9272576 -7176917
7904448 7531768
-8790913 -3506058
9776019 7327276
8696901 4625450
3227041 6223197
-2188159 5333815
1609681 -1677758
9172364 6749380
-1236348 -5210019
3266405 651818
1694247 1908179
-1187054 -3790611
-2439278 -4689001
-4359724 6856937
6976392 -7495713
4554135 9066838
-7867211 3376438
-6771710 797787
-2968227 -9509791
-3885628 7448059
-4927825 -9441833
-5721913 4001177
-9756496 1493799
-2772595 -6057498
-9290306 -5428444
8015316 -5938428
746552 6927064
-5278647 4033821
9008073 6275257
-6891189 1551728
5630031 -2619176
-9095524 6374078
-2956891 -2934115
-3758383 -6076176
9124497 9701323
-7203283 5428070
-570670 9469234
2289371 -1666966
7953645 8769187
3504192 -642499
-6933834 -1922172
-8058314 -5514073
5655495 8757437
-6480111 6097172
-5314913 1731051
3716768 372502
4283543 -2663725
2833734 4090946
9429462 7573314
5166606 -8127382
715615 6500960
-3313218 8564054
-8917173 -4672921
-390960 -8178756
7895997 6503209
8000155 -2492022
-2580831 -141552
-9636372 8010745
270755 -7875151
9022449 5904104
-8105592 -755596
-2866199 -6094857
-3602534 -8676797
-3848875 3849945
-9520881 3818446
-4787050 400216
597310 -1764441
2418290 -1479163
-2404395 -9305335
8588132 9751336
4537843 2615189
8544836 -8887470
-6621154 9171658
9949703 -4227865
-3277032 -840809
-9796699 6903681
8924915 -1525054
-9371696 8152420
-5275709 -4907186
-2640776 -6474022
-7970235 -9411987
6984156 77546
-3402448 7805464
7930022 -7452343
-6603333 -7210651
-2009146 2326671
8492292 2284537
1030172 3973155
9599742 -9351727
1036903 -5092388
8276857 -4151637
-1315493 2740338
811640 -6911669
1771667 -1562698
-1563211 -2306857
-7725032 -6393392
4945712 -132144
-6496237 5049080
6307123 5719222
-411764 9748914
-1280851 -1388161
-8925670 -1608428
6212287 -1388030
-3365672 628625
-194402 3992360
-5868131 1735254
-6326154 -9077093
-197023 5907376
5129033 -884336
8940617 6864104
-1520668 7513301
-8491881 6670044
9428676 1410289
6378127 9856149
-2752254 -9038246
1994351 -5917922
4416378 -4172285
1532800 8399014
-2367675 -8779381
-9620831 -3564988
4329823 -6823551
-3154944 -9075796
-2538809 -1569107
-328329 9440116
-2191824 7465044
6473769 2011515
2548512 -4835593
8184197 4246000
-5924416 5981040
-5227648 -1793882
1503587 -3237895
4072089 4776851
3761415 9427806
1168350 -4298299
2376877 454354
2635608 -7180512
4906841 -9408934
-82240 -9170963
9358763 -2940333
-2581000 -4214533
7073145 -9612570
2079848 -6441092
4137425 3946889
-3034721 -1116357
7209350 -7944516
-6101342 9746392
1705323 -5680401
4620105 -8183234
-2626160 -9606385
852167 -1003306
-9256821 -4997329
844848 -4450316
3169102 -98663
8000186 -1354376
1027215 4084007
3416693 5886419
6001660 -5081855
-4718918 -1566912
-7890606 7191038
-239657 -1420991
2739621 -5778455
8151880 6341040
-2530034 -7436049
-3347291 -450138
1213331 -1996184
-1165444 -2321479
3448586 -6676843
-7044410 -8254290
-7239180 3912255
4545750 -4266650
522202 -8736887
9435115 4038292
3092627 5938713
7473666 -8993077
-5911833 7510135
6239239 -1745338
-5357300 -4027207
-8069534 9246244
2430191 5209185
1832365 8625415
5675489 -2408713
-9449471 -3701061
-1210456 -2060516
4132560 3001925
5472179 8916936
-4903588 -7389808
4641920 -3955081
-5962875 469549
-7200666 971082
5557549 3884244
-5017212 223768
7264316 1467546
-6215274 6018833
-4800356 210339
-5524106 -8023411
664800 2449756
-8413290 -8901528
6594301 5819398
9272348 -5258110
-6095463 -5150409
-3631349 -3795015
-8197339 -4112408
7295608 -1709864
1290414 7295636
-9755223 -1139215
9665035 7657432
4017825 3919782
-9380579 719912
-2207289 2684000
-7391257 8485388
-2121650 316006
-2754827 7942397
-3194187 -7388061
7823855 -8796339
8541662 -4531863
3069911 4470617
8206105 -2205820
1370591 -7782468
9376489 -908444
-660772 -4291217
-4426493 3082094
4230524 -3868891
7542713 -2387093
-5633082 1124469
768294 -5509695
4209202 -1187012
6766452 -7938385
5648217 7168876
1971442 -3336435
-3291532 -8470555
5551001 -8432046
-2863586 3672199
4668275 2264144
-1385536 6608632
-2018474 4802052
4705373 7544375
5545888 9183561
9874465 2594902
9613872 -1612420
-4738309 960153
-8065058 1771313
-8655011 7286886
-9302604 1800727
-2897048 3616417
-7052879 7130864
1092253 -8021028
-7461163 -2421489
4619979 -1387865
-3221024 2977938
4563522 -8788132
3759972 -2195830
348771 4956484
-4179171 3292085
2975250 961006
-7011009 -9646892
-9022714 -4141776
7493354 -1483984
1156204 -1032065
8050639 149557
9279033 -6546803
282757 -7625204
3147543 9799352
4848914 8263668
3447659 -8151207
-8465410 1776844
1483490 -2935459
5982910 3932869
-9698690 -6687313
8845447 236034
-5259545 8497240
-7301770 6596669
9235145 -5946867
9349506 -3846155
8612049 -80980
-8205713 -7057248
7108920 -3839327
-5865541 2323680
4599706 2714077
-6583401 -7920991
-18082 -3959890
309130 5318738
-7722440 3712360
7737064 9139676
1860038 8563830
1375063 -1749608
485937 1881199
-4760210 997361
-5442087 -6938086
-3469228 -7486430
-7614372 3509971
-6073174 3238505
-5316902 -5082950
-4874910 -3194973
-5349511 -5617101
-4409551 -6417924
-5446150 5125586
-1750390 -8167144
6039836 -3038401
-5714003 8475638
-812528 -9278257
-9390017 -586782
-3983279 -2320958
2958366 4523683
8718979 3018441
-7360532 6294310
425085 -5717890
-8509008 5015953
-8333828 -285893
-2155421 8569030
1084977 -1612425
-8255637 -674714
-4825272 -469577
5237484 7505548
8301440 5635375
-7569673 -9065327
5614434 -7089657
8581376 -2514551
6849804 -8966163
6871807 -4987199
8529757 -902355
-3796052 6735476
-711147 -7903638
1284202 2556600
6029303 4507763
-8174804 -7312365
1307230 3306640
8963288 2034340
970993 -5941359
5406648 8836248
3136139 2514985
-1457111 -102218
2194818 7686286
-6019825 -9208512
-2116386 2000931
786549 7819191
-1907496 -2377760
5891872 6026265
5506588 1630628
7678993 3279958
-7656553 -8258407
-4923911 1857911
7041392 -162376
-4877422 -9233262
-8465828 7908342
-7009727 -1581962
7740267 -1858278
-7447983 1503127
-3387866 -1937316
-6660898 1212586
6117443 -3744631
9650571 -1625199
-2393329 6235599
462694 4725150
-3789243 -702331
-1639307 -8066746
6102250 -1545547
549793 6421457
-1133362 -327402
-7591451 6831701
3987664 5520016
-9161114 8216697
-9947197 7128994
1004970 -164477
5086183 -8918485
-5552229 -6795186
-3682047 -5878271
-1840194 -2475886
4324765 -5482065
4359492 9059288
-9709842 -718675
-6037216 -4816614
-4220426 -1841628
-4995557 -8431341
8081284 -5432130
-2679181 -1566211
-552073 -1230455
-5847482 7616529
2617744 5396062
4712462 -4427665
-5146141 4715086
-608429 -8796887
5800173 7176575
7812057 8360980
3415289 7858978
5452150 7430897
-9731622 -6931525
-6874657 387661
9658334 4672664
-3745009 2410798
-3609670 7943613
3006949 -8849434
-64017 -1557373
8798224 7194285
6958813 9297361
-6871601 -9715605
8196034 3354368
-8870746 145089
-250715 -4601348
-1845819 2383883
8437938 5682039
3150948 -175043
-4038633 -9358646
8730691 3286800
-5901177 8980391
-5959549 2508015
5944573 -2951918
-6833456 -344114
6277336 7750437
5335894 -9912040
3854359 -7195883
-5757755 -2172412
9748932 1995019
-9973532 1344280
9739588 -6819543
-4857144 2383243
-6383389 -7088733
-5194445 3463131
3522874 -1279612
9379354 5176877
5326688 9145571
-7712080 -2269632
1060147 -7676439
1925263 -944814
-1510832 5544228
-1462747 1881334
3926031 3896707
-6268535 6047368
-6656712 6048329
-1759731 -9725719
-9153098 -1177464
852401 9585821
4272003 7759216
2649190 -600292
6459024 4727605
-3161830 4344314
-7584397 6589333
-3827793 1023521
-577199 8540182
2144224 5725313
-2008933 32034
9992177 1616209
2393934 -3250268
7871580 4620564
1497939 21526
-3163444 929794
-6009434 -9987141
-2899477 -7926278
5122044 8097881
-2647475 -3152716
-6028316 5974677
-6315229 -1152967
-3794072 2751962
-2455288 -685117
-7908486 -6548150
-9009072 -8645068
-4204611 -9259094
-3178466 5134313
7503276 -8271123
8531791 1153705
-6528950 1499700
-1574563 -1974091
-3362258 127196
-2028373 3307215
-5210665 3904880
-8140484 4511883
-3042959 988099
-581315 6166712
1681176 6495460
3988013 8410203
5029624 8533727
-1808288 370576
-1181934 -5724596
8509018 -2802856
9278078 7904044
8610771 5687913
-7672287 2214386
8314217 -3911121
-3542871 2560433
602270 6493880
259653 -3889597
6670800 -9820806
3279272 183744
-5707257 5406349
1955511 -6367893
-4227261 8051775
-1652322 -8327077
-8268690 -9734787
-4006676 -8911932
1248758 -8618464
8672038 944753
-2822008 4644553
6801719 8256082
-9694671 7523357
-1062439 -5639417
-3738856 -215649
-9643642 4855714
-574607 -4074668
-2829830 -1456668
6113601 -8558532
-1697898 -8183327
8807275 5577845
-3782793 -6084489
2104978 9870067
-6788854 -3388760
-841862 886154
-9208598 -1297723
66639 4634215
-7288751 -5208211
2666761 2236070
-5566968 -3158788
-7692451 8034222
8161874 3959770
-6873190 9742815
-9643914 -5183735
1641788 -8399263
5078178 -7668245
-609314 -724362
-1555471 1535324
5285190 1729646
-2346006 -7877792
-1610938 2125475
4320109 1968588
-9293893 1447147
-2155353 -1910570
-3126264 -5497439
3274613 5427862
-1267364 -934186
3851419 -5724947
-1894055 -823
-9169158 5127154
6718299 -1977661
1333643 -1053967
642989 -3374090
-4597863 -82122
1207547 4031342
-6261662 -894219
-2105073 2074799
1856936 4837525
-2731349 -3878594
-6577657 -2165555
3167326 5908444
-4148002 5385267
209854 -891171
469163 -5880098
-6134247 -2407381
9572576 9883480
6086587 -5147532
3458646 9264850
733637 8595635
-8410114 2821221
6050789 -653965
4204978 649390
-6651537 7252965
-9991420 -7513003
-3143971 -7161768
2693980 -7386724
7746820 -700388
-2193845 -8410783
-883614 1817979
-4518390 -4407857
-45006 9723931
7824997 9001628
-102144 2156524
-1814524 -3042632
7157023 -6209448
-2985028 -4476563
-2683931 -3149800
-4574755 3551143
9593196 -2217036
-9283333 -2759733
7022084 1405955
5044639 9700902
-4814932 -3067769
5621532 555736
-6407596 -8132677
1147731 -8171318
-1589074 6083169
4280425 8290680
-1787142 3223534
8420218 -2554524
-2587037 3703896
8943184 4698641
-9000301 -6004540
-7903189 -9084462
7502412 -8151226
3696741 -6980287
-6357023 1236167
-9647957 5420465
-1944243 -9335506
-1172103 9502217
1725661 -29811
9100292 -3685676
3493423 -7810053
-2901491 -6596212
-7236636 1178276
4713441 5585531
5394643 -1950089
4784841 -1009076
4537570 -836597
-3191704 2489213
-8078706 6378544
2278492 -1011627
-2811275 -8852081
-9009211 3410939
-3149125 -7388266
7408511 4081201
-7738388 1194756
83375 3415746
485193 -7315832
-7635311 5325102
-9474379 4176670
-626287 746426
388740 6569093
2260557 5166783
2171462 -3045981
-5805328 -4454948
-656532 -2997632
827158 -9017727
-5636448 -4300781
-9385617 -7748452
-5037684 -1707743
1752445 360150
-4223265 5412566
5982376 7882174
-5351574 -9183966
9642868 9538398
8329193 769348
-5235393 -3460264
-4795331 -5057528
-1055788 -1470844
1529615 2727341
569505 8062537
9246100 2780421
-5509367 944118
9000682 -1816800
9542157 -5554022
-3191489 6961011
-8207910 -5947234
-2931299 8380381
-7959752 -8770777
8344130 5988171
-278729 -5303921
-9952460 -5802919
-6513770 -8393201
-1004015 -5266701
4446315 4714971
-3747330 547318
3477091 5182189
-1854252 -2409287
1157924 7018719
-1462140 1629718
1867736 -330375
4775933 2189448
9927 7787496
9306957 -4429372
-9214598 7261837
-3917578 4832623
5710441 6704761
3531112 5977579
98583 -1324705
-3434902 252419
-1167116 65847
5344459 -4908155
-2886235 4540510
-5186014 3207108
-2022911 6202866
-7664428 -9505436
5343787 5685214
-902588 -3240826
-8836967 -9742981
-6571366 -3128092
-6635093 -8760393
2468677 -8184485
-268406 7809034
-3716945 1787723
4415516 6211865
-1343139 -4053885
-4350696 -8967495
-1051654 3053325
-6762548 848862
4501919 145279
-2039776 2119313
6657100 8767817
-4148690 9233192
-2792380 4685626
7107037 1082339
-5242292 -9590047
3762953 -7827809
-7628586 617545
3791141 -5287420
5271950 3383740
2949244 46563
7387076 605880
-7698432 2101993
9543229 7271148
5468545 -5564881
-3427300 3905220
-380860 423537
9415009 -8692579
3540498 8847204
4922807 -685962
1362444 3287141
-1053422 9346196
3275139 1073715
-4467975 8564330
-8618087 4298253
1925616 -4459405
9265858 -7139192
8702514 3108169
-3243937 4789769
5710820 -489992
-8208929 -4780997
-8122501 3767980
-9917610 8163758
4416539 -2231762
9639320 4807132
6865430 -9647601
-5368246 4212092
4590429 9700478
-2809129 4069973
-7983869 -8578937
-9731184 825297
652323 3819512
-5713647 -6871447
-9379393 1826464
3120645 5285619
-4308717 -6234432
940843 -6296524
-2162057 26324
2077808 -3999598
8103692 -7739175
200378 2100412
6228313 -9373404
6808954 -36348
-2233116 5119741
7114154 3338614
-6654925 6544429
1688658 1002748
7531017 8889899
-4107063 2506011
-1408913 9211149
-647876 -6983985
9677276 -262981
-8393891 -3154636
-5034613 -776759
5930700 -4373717
-2345707 5174616
-6023830 3884926
-4416937 -1863331
5186394 -8497851
4912141 5422141
3814956 520399
687423 -1974971
5293809 -1614012
1834609 -1270898
5878962 136212
9224804 -6152139
-5800672 -8657980
-7422413 -7126965
3011660 -7032867
6475373 1395755
5256201 8017384
4450203 6000175
3207666 -694841
9709770 -3473943
-9572517 -9538761
4372853 1364689
-5529456 -4455991
3327518 -3473874
-9812859 9096554
-6006499 419277
-3870789 595173
3164192 -6295811
9266048 -4753336
222750 -2114019
-9815344 -5932664
4923924 -4776955
9057893 1720710
-8929566 3440431
8799745 9881824
-8601739 6531685
7837596 -2714491
2432639 4438784
3903900 -9197207
-4467617 4482589
-5003236 -537139
5132561 -4927444
-2424269 -7580052
-2029436 -2811792
-3841686 6216172
-5981824 6350276
8824513 749297
2761911 -463506
2073045 -7009488
1048575 -9733984
6534310 -7363399
-3323649 8786589
5030080 5039373
2596061 3514135
3178871 -541019
-1324072 551753
-6516132 -2820052
-2435576 -9867922
954253 131423
-1731749 9569926
9024952 2878813
7790372 8178743
9192516 4388174
9330327 -4302308
6356666 -8378795
8751012 3779974
-774766 -6664812
-8927255 514812
-9087355 2875800
3446846 -8139244
-7654789 9801105
9851356 5733012
8093146 -7779836
-7902450 -2266371
-3066484 7354177
-630788 -6276406
7669981 1899443
4151233 -7826814
5080957 6810510
-3273257 -5537734
6776589 -2973497
-3035715 -8847705
6040141 -9770888
2014533 -6456721
9624128 5928243
898384 -7663929
5072972 4579660
-8159389 -1463594
-9264210 5907130
-698629 -4812462
3062152 7046464
-4330333 8539906
5330703 7920002
-1460255 5993170
-5421612 6431707
-523067 -2297197
9568109 -4415923
9479818 -2010779
-742972 9232213
1136965 7270238
-9074249 -4901336
1495960 -2929646
-1969044 -1441597
2798977 -1499724
-9612412 5355790
-553499 6060334
-338503 -3945593
8184487 7233159
-5431279 2263015
5112787 -8693365
7798783 2726117
1094637 -8104508
-567079 2033532
4869484 602446
-579149 5131424
1043933 7043147
-2401684 -7062580
1399657 1052329
4584698 1920485
7318808 -5319858
5807553 -5199409
-4766086 -8669361
8978665 5075059
-4165339 4657516
-6184174 2393770
-9136337 1537125
-7568857 -5842549
-3909284 1750471
5943437 1303554
-4512619 9719556
-9579330 -2298334
-6453592 5742623
-8754652 2152670
6494417 -5957023
-6733091 -2708817
1527916 -5943960
2521246 -9756073
8050863 2428649
7250103 7729820
-3103165 5635949
-7345390 -4891497
9753567 -9104394
8673907 2641766
2511556 -3392750
-2591907 -5065211
9329503 7544374
-2722216 -8950168
2269281 97551
-2387289 -5358890
-9524370 1055496
-5247055 -3046992
-1658653 7754464
381341 -2354930
2430228 -4792144
-2809352 -3600511
-5650414 8750359
5958200 3604638
4872590 -9800563
6295543 811519
-3886085 9013606
-5124331 4900607
6243181 -2628838
-2180866 181207
-172864 4191596
-7842497 380652
2929044 -7194830
6045102 -1440847
388885 -6013271
7023427 -4625342
6482329 -6769872
5405519 5076030
-4423786 6397020
-1253911 9473169
-8851688 1216879
2219117 -7325993
-2880659 255612
-8366271 -3231345
-8918946 -3116971
5060348 -3349364
3652153 -5533852
7432692 -5316783
-618169 -86129
3303142 -294439
8969724 -6473514
-6495950 495218
6649259 -3967535
-2471319 9837566
-6895449 2902234
7184906 8322419
-8785989 6616202
9553283 -7325981
-3983177 6817640
-34275 7409844
6864105 -1056455
9951873 2632811
-131291 -7504464
3315829 -1427601
-5621017 9002989
-3619862 1165683
6109625 -1820042
3206980 -1236566
-2059713 -7263782
8043610 1812910
6552665 -1367311
-7186592 -9996858
-5158014 -5011763
9997229 4154660
-1280278 -1108002
1984070 -1480094
-610329 -9512009
-4436095 2709644
715237 8684476
-3000289 -5310226
9975484 3704322
7865573 4318653
4065767 -1268000
3708299 -9247199
-9994846 -9963069
-5923785 5731857
6187006 -4041545
6731031 3160993
-5359634 6523418
2951424 1299367
-7378625 -3282709
-4143423 -8757922
7852922 -5662822
-6327808 2231313
-5379493 -8662642
1392603 -2940282
183735 705732
9665650 -5416043
-6049190 3842786
-6859791 -2734410
-5430170 -1047566
-6865419 -185016
6908902 -4947689
-7262206 -1098501
6011915 2555863
3615254 -8521601
-2423300 -8338705
-7325270 -4999167
-9331517 8711104
1312091 -1163794
1129807 -5474574
4854548 5940106
-8333357 3704050
2774398 -4854944
174942 1827926
-9167789 5275427
-8743211 -3234917
680353 -4655282
5054740 -6316609
4696706 7153856
-4025984 -5054651
-1957405 3051591
-5009815 -9985080
1608378 8414880
1600066 7561383
5196280 6943584
987934 3058586
-3343013 4421554
-1567291 -8501291
3292479 -609796
990388 8902264
2483931 8717532
-9174845 3507743
7959519 4488971
2673834 -1805100
1207257 -9200436
3324689 4220211
8769538 2176687
-5589493 -955005
4215598 414985
-87901 8312461
3907948 -7215343
-435671 4696022
-918945 -9383510
-6580933 3004820
-6040140 -3613821
2428180 -3576022
-3169412 3344899
-9884439 1568170
-9592146 6164455
7491438 2757139
-9343806 5381811
-2778266 -3083300
678512 8388356
8439866 -8005677
7943501 1736523
-6266283 -6560170
-2237803 -9257210
9317880 -8591981
666793 -857924
-6651128 -5625949
-254508 1410535
9064033 5842811
-2206972 -9374877
6758066 -1329234
-8186975 -5561324
-2753735 -3547917
-1122872 8388823
6980301 5459945
-2521237 7902206
-4961712 5718191
-7536647 5660201
5810836 -587337
-7874307 6791154
5081896 8812582
-3672355 4902409
3973831 7308260
-876842 -7184912
3304965 -6305987
3796642 955026
6186507 -3375449
-4685286 1471474
-4597852 6191308
-4466822 -4407256
1384327 -5699419
-9144774 -7769876
-8695298 2800533
-6625114 -1572701
4837206 1979395
6836791 5541617
-8977018 -9716905
6301153 -4525944
4407848 -3949568
8544373 -4185972
-5534949 -6213779
8065636 9043142
-7802374 -6593624
-598977 -3285341
-8577659 -6967228
-5940149 9175885
7319175 4891700
-9177313 -3310967
-3300579 -2840908
4551063 -1317041
937906 6189016
-727611 1148900
3112407 -9828771
1553234 1137294
5211550 -244187
-5601725 -7628176
-2503426 -7107743
9859113 9152778
9510698 5382129
-6840468 5437957
-9476229 -1094157
-5552950 8018065
-7825412 8628414
-3218374 -4810819
-1888515 5206323
4067757 8885916
1367000 -1380233
999951 -176214
6603827 -2239369
-6150912 5182435
6834480 -4983774
-9487348 2149394
-7854646 5702841
9643714 5836724
-658582 780634
-7417619 -2234556
2648772 -1978488
6196690 -409092
7629114 -140178
-5534368 -1789337
466160 -9024398
-9142536 -1531041
8871792 8157593
4730542 -8482496
3900958 -1249115
-3834460 3476869
-1349647 9277000
-6313113 -9244588
-6766826 4657293
-5125733 8349425
-6696963 7411074
-3063523 919586
6225653 -773474
-7984214 -8057823
-8112038 -55351
3965205 -5718521
8208929 -2275791
3160354 2656220
1191141 6011686
-1590887 -2121484
-7991261 -2999385
7234561 2365893
-7860030 8609292
-9545726 1269972
1074339 2288558
-557926 -1840945
750359 -6656641
-1416111 -2693455
-1947488 -5873002
-5600552 8632547
3346526 -2749480
-4078343 2025671
-5747129 -9403003
-201531 -6137309
153212 -1392156
-3257682 8162341
-4030503 5109768
834971 3587763
-4359538 6918662
6315872 -6179748
7357333 3457581
3673149 -3712001
-7326216 3903684
9907060 8260743
-9009949 3410011
-1718894 2349849
-590715 -9263547
4764793 -6371967
5579293 702251
1135874 -64587
6907563 -2290379
6967397 -1719020
5694567 2816930
-2093589 4849849
-1498189 -3702126
2414377 -7827309
-4934362 720504
-817912 3552442
-1595398 -8717204
-5399687 -9843749
9492427 -5206656
7294314 -4726941
-525663 -3190092
-4698972 -911530
-9679170 1934228
-8420926 -6221417
933153 622904
6363948 6591307
8942985 -1405761
-7742040 -1858490
-6735026 2099422
8167580 1860528
7489930 -1106948
5639041 1018626
2376338 -5456306
-4724801 -7480204
4879837 -3668562
-2889934 7285885
9684957 1811848
3495363 2990686
9037785 2527275
1307918 -5432204
8047436 4999486
3191419 -3386953
-2729430 7871491
4937266 -3211521
-2385221 5109312
8002916 -9525928
979979 6380254
7321237 -2803103
2140080 8269469
2394139 -3462488
-4656757 5614413
5519253 8019889
1237574 -7189051
3435843 -2011751
-9598418 -9285836
-4413937 -2556348
-3237084 -490154
289120 8772688
-5786277 4729729
-2154770 -9515203
592227 9716299
-9562191 7571145
-916453 1158848
6694314 -9986561
-2566781 7666097
795101 8558887
-3758765 -6242802
3424189 8960068
-9093460 3137736
4575346 1864200
2580619 3858799
7067843 -2365600
-3772457 2802063
2122272 -1318835
-4442186 -8171313
9809835 188362
-1115266 182903
781083 -6622499
-6663916 7865049
1192627 -5793572
-4329721 -6284197
-1348066 6784105
-3641154 9289315
-6594100 7295874
-783347 -4089438
-7193234 -8370578
3295292 -8190327
3673932 -5820201
-7641307 2519876
-470627 3061874
-158565 5825417
9298125 8443954
-1864816 -224616
-5211946 -9110861
-5026139 6422634
-410095 1801765
-7218753 8167620
8443497 -5265076
5479798 -8094804
-5287526 8504054
-4741691 -5590519
-3444211 -3122983
522182 1210471
6080560 7510204
-5191323 9414596
9592325 -6144731
754804 5031910
-4393587 755553
-1051869 4870580
-1613052 -5200866
-507262 -8089880
-3161370 1528831
8628802 4522629
5859676 -7530380
4017233 -3891622
8197775 -9153252
964974 -5022390
8603653 5591553
-6972939 -6928101
-3648741 -7203341
4871018 -9882053
-3253810 -9128495
5771310 9812394
-3457009 -1361726
7545517 8696244
4719668 4755663
4812676 -2453035
7475760 5338078
-619857 -2356287
2794692 -3291932
-376548 -9423129
-8912513 -9540511
-4437812 -4440407
1686694 9434460
-3560844 3839852
-891315 9590465
4381334 -9825035
4514081 -9025281
5294263 -1415325
-5725475 2983667
-99116 4491872
-4583245 8811617
-4262633 -1753816
-7734933 4800743
8879151 2920400
2528807 -8985147
3157904 -3163255
1102802 -5104870
-5594322 8969106
-9491648 6259498
-370418 2801587
-8919799 -5352717
8240848 5625026
-1603020 -9358307
9298080 -9102040
-8534486 -4067027
9151024 3148015
5594445 6253490
-4301742 -9888826
-1936266 1122648
3227665 7153304
6041843 7200603
5660847 -634940
-341892 7703700
8945433 -6263796
-9524210 9330112
5287173 -1785234
-9293224 -1567370
-9147266 2661079
7889249 6380775
-426329 4551573
-9958900 -3581086
-8391934 8356520
1423029 9703667
6705037 -9445925
3102596 -6786309
-5553086 3217502
-9945723 -8032956
-1831050 9627170
3826105 2400667
-948752 -2883907
-9918861 3625994
5233206 -9268070
4281809 -9733944
5365912 -6499169
-280178 -6838107
-9774503 3608430
7442990 -1366606
-9660154 5093431
9071441 -3819126
5767563 9511580
4587766 -4028681
-732869 4117294
-9412928 7871699
-9635914 -7151081
9619362 9135012
3194586 8435703
3881926 4608775
6162666 -3030786
4616369 -8579724
6335505 -2455575
3050049 -3711449
202725 3897151
3717318 -6394549
8995984 1060865
-8379737 121300
1168735 2385960
8641879 -5594479
-9424761 4327017
9965362 796366
-280109 7339483
-2367050 -4232286
3527589 -9582671
-7221406 5987759
-9116787 1096298
6839626 -4762198
1679414 -67639
6600516 -635714
-3408759 2622278
-4458869 7765831
-9159344 -7653383
-3453007 3176784
-5309570 1111792
-2117037 -9576933
1581094 2696440
4761120 -1004195
-5284914 3842209
-4567246 -9670289
3148266 9416886
-5861107 -1460658
-5180618 -1795670
-7763395 -3105091
-2915432 -5031673
-3804275 -5209170
2027072 -6244230
8325240 6050562
-9313491 -2957616
-4567194 -2411663
-3124276 5950222
-5155715 -6786973
-5965555 3974194
2190093 8640808
-465582 4918112
-9994220 -3453243
8431795 3422911
2551736 -5957168
-5577182 -221461
-3471886 6580608
-3811667 3411280
5994393 9505085
-4123191 -3254036
7418099 3806050
8588597 3758749
-8667639 6147693
-1835493 -1679568
-5274858 -1115825
7885267 3943268
-111221 -153172
8304797 2665519
7046015 3561904
-805936 -509882
8257249 2075137
6868423 829781
-5922672 2616007
-72693 4046529
-6038726 2386337
5856706 -7248772
-7046798 6028157
1315495 -1092175
706185 -1097286
-7575680 -6975822
-3291089 -4615970
-6310792 4901293
2995991 -8195525
-9808155 -7608265
-2585630 4744127
4397172 -6271057
-6595269 -3075242
8071886 7786755
-7483075 -4388140
-7355516 3448898
-911524 -1783501
86453 3121788
7997806 8127952
-228634 -7312679
3997599 -2274336
-2282699 -9376421
-1368645 -9451498
-8619561 2039775
-3783054 1100951
699340 3940210
-3142579 1919164
5169314 2464538
9828603 6134377
5837770 2382317
4259126 5469775
7172896 -2658567
7401945 2231525
-8924954 -7931450
8324930 8784377
2239502 -7876583
9510113 4582199
2879996 5219448
-1126244 1649851
-3016922 -8359187
1981419 -855756
-3971312 5081672
825856 5398629
-6520736 2989047
-3020159 -6217618
-6959227 -1080905
-7237545 2597364
5164104 1714666
4689669 1117325
8099471 -2509753
191749 7101828
2827230 -8912442
6663371 6504945
-5053947 8546636
3262448 6094350
3108036 36644
7203675 7532273
-8780063 -2730300
-4039666 -9443365
6633784 9914984
4309895 -5969042
5763631 -3785295
-2545787 -7224715
-7805115 -509015
2619821 8209759
8780344 2952552
-5205884 1913367
-5710184 -9823326
9387938 4809214
-4105863 -2133252
343673 -5549271
7695939 4732135
1145494 -6554379
3238599 -5184681
8204995 -8801619
1812028 -1239551
667183 5374131
9998100 8433009
1230552 -6902051
-7850229 2924843
7737598 9854452
7822674 827041
-315548 -5509749
-3909569 9791951
-4069578 3969289
688786 -7093222
-3154222 5848940
4876434 -2530701
-1429953 1236437
-6461006 6479963
4829753 -8838417
-1677263 -5082480
-942287 8116294
-7880628 7432430
2894726 -7802208
8597547 -5935320
302910 9055641
7998203 -9436515
-8931666 -853726
-2587794 6701060
5459144 -5083947
6088559 -773213
-2692485 -4364701
358852 5181950
8431459 6011648
4792819 1002160
-7644609 1815757
-5594914 -9825163
-4465722 -4696879
-1574182 7211737
-4749861 -185963
-1317151 -9171344
-3540610 -8918225
-2230858 395538
-7542585 -1545670
3369888 9256248
1324582 -8765521
4126119 5808969
5086091 -6945125
-9609548 2418328
-2345466 6454379
4705373 -6291913
8157554 292550
8328972 7740093
-8205774 8100930
430786 2772746
3488272 2583683
-3746273 4125385
-5900826 -2773204
-2892320 -2037277
2828500 8766874
-1468634 7096908
3635994 860418
5030208 1947144
9181682 3171377
91699 5566091
2624086 191395
-4651666 -1623766
-7044861 1471276
-7473266 -8598926
-7447401 5084097
-3408035 3799829
-6049809 -5775219
6227832 -4277545
7678460 411911
5712506 270174
8103865 -3221552
4077597 -1590040
-6829318 -2668595
-3060257 -3755636
4498659 -6526993
6119142 -7408876
-7246314 -7810512
-6121452 4813158
4198065 5119739
-8936346 1804777
8170945 -1351427
-1499854 1390249
-3348131 -7906188
-4004632 -711846
-601392 3691610
2460169 4675990
3345237 -5021368
-2710444 267420
8336858 -5981139
4537040 9531978
-221907 -7128056
-3926717 -6793493
-4135271 -8117213
6778291 3402521
-9727514 4420328
-2683594 4101551
-9180637 -2266571
5143629 -8003578
-1594413 7014892
-2252490 3519611
9224521 4678774
7180161 7974969
5053936 2296991
3132037 1714077
8568304 -9035765
-8387129 1605410
-9906450 1380676
8952928 7423822
6683684 558092
6018894 2578550
-9784429 -1011175
-6207323 3049298
8407928 401780
-7225741 4360751
2541659 9428517
-1963851 7543254
2309750 -3857151
-7670146 -2841556
6985331 5995688
-2095133 -4067068
1389171 290556
9092977 714827
8832965 9893692
7144909 7379181
6172183 -2984948
7250987 3843552
-9736981 -7041361
-6132358 2649861
-28411 -1985842
7643099 -7883393
-9608824 -2196319
3822819 -8387720
-755407 225180
-8583340 1687567
-1879117 -5771283
2824411 -9585785
-5549525 -6286084
-735689 6917198
-9710481 1048353
-5508885 1193018
-1086879 -5503479
3499450 3801283
7562100 -6421414
1554091 -9766197
7714403 5740612
6355117 -3371975
-799283 -9762728
7972991 7918174
-4642560 -9732232
-499227 -9348102
-7810717 6735101
-3493188 8241362
-944476 1551325
-9067335 -9387854
2995067 -7572867
1869372 8368512
632793 1647456
9933619 -6469474
-8138834 3375760
-2073645 4860750
8987726 -3443373
6756046 4431242
8825018 -3739385
3149494 4559396
-125254 7699070
-6063334 3653589
6664074 1920498
-4534546 5276926
8603354 4648999
-1449481 -1263172
3047705 8034760
-4847771 -1425142
3633427 3594340
4397296 -8910830
-5253998 -5264163
8755274 2156541
-396915 4428825
-989582 -549292
5395097 9585235
7488160 7896892
8369202 -720828
-4954716 -8342415
-5921230 -3412212
-5499099 1123966
1109931 -5123916
-3073777 -7529951
-9120298 4869018
-9115250 -4814541
5084815 4111253
-3599776 -1903726
2110479 5034825
-4062895 -9155988
2811175 8049772
-9503553 4605345
8262361 1704762
9521469 -8846536
7854841 4877118
-4140350 -8300690
7756625 -6259645
6869404 8108124
7243493 1031902
1586652 -6949176
6798384 3849601
8131856 8044038
-9022456 -1790645
3861849 -1013588
-3014207 -7792766
-7497171 -1357558
-9042049 8483024
-5103516 -6627294
9114575 -2772843
-6859829 -1534347
9008502 -2525816
-4024687 8924470
5740311 7281167
4582293 8427739
6494645 884429
9620558 923896
3036451 1443004
1905240 -3651452
-6412773 4281766
259645 -1795825
-4102872 -7332059
-6322459 -6476342
9229251 2540221
-5849315 9067642
5439771 602603
-4200121 6828655
6860850 -8601758
-7448243 109633
8758395 -627633
9927906 5527063
-4010209 -6700698
-2701485 7219075
-5933906 -5736133
-7627366 -3044017
5095593 -9985496
2229892 -3555281
7444676 292379
-3509173 7815988
8994293 -7555336
5331331 -6330578
-4104326 274115
-1514594 -8003352
-5594422 -9794620
2552015 -1748120
-9119085 7872561
-332273 1768344
3598418 2083116
2371236 -2908514
2374176 5264851
3055702 499628
5132890 -2730387
-3921574 -6714930
-1730647 7122827
4138804 4380313
3716229 -3916526
370739 962466
-2104349 -4257043
1169497 -8265877
3556769 -9718365
416478 1982090
4641734 4786840
7986521 -1834355
5780652 -3565907
9921179 -2096508
66300 7984531
-1666805 -4713803
58854 831211
-7975442 7618176
-643821 -49106
-7557647 1157584
7589948 8198364
5781024 2754890
4240904 8000604
3543260 9933336
8635627 -3342736
-6755397 -4337786
8218705 -7504183
6286369 6160750
1898249 8184896
-8314151 -2577976
-1188787 1591721
-5729860 6076260
-9790551 -3887820
-1175313 4134054
304204 -8120149
2014393 4915683
7109897 -101540
-2791139 -6920696
4044968 -8554830
-4058206 -3034724
-5238418 2648222
765590 -9657391
-9424318 4045375
-4835143 -3956398
7372078 2343119
6112720 2693223
2289654 5815861
4488477 -5242288
-7673664 -1552004
6489607 -3174098
8996285 -9334762
-7479633 -7261961
7254452 -1682705
5563505 809901
-9028803 264333
-770024 8489256
1143276 -2606425
7028383 -573480
-7328722 -462212
-1782942 -6188921
997614 2670471
-3803555 -6512301
1339691 6791415
233496 -8872573
4194738 8770953
-1409831 4447416
-8684169 6373270
7014023 2494785
-9911282 -3628476
6220787 -2197481
-3370815 1282157
3785356 -5769708
4150143 -7685233
-2956039 1048554
-7518411 9446462
8394551 -4707304
-3286319 5361505
-6945571 -8125792
768396 -1144090
-5247952 -3648732
355263 8072270
-94947 -6090696
8904304 3350922
-1520186 3625244
862742 5373998
9684981 5566724
220601 -8905832
-7560727 1567147
5915224 7087112
283339 8319671
-937413 1914904
-6964746 3043769
-3082724 -980336
6410864 -9734021
-5676914 -6579230
1380534 1278578
535318 7079107
5517015 -3920268
-2544370 -6008282
795124 -3157016
4335535 9630332
1517878 1801150
-5699984 -4340756
-4336062 2115946
273013 -1264956
5169284 -4537701
3444298 4564738
-941391 9445659
-6812376 8997718
-8785841 -4472350
3214803 8770891
-7218401 -7288927
3929170 -6252264
5038151 -6196819
3817663 -3507928
-2929426 974977
-9104736 7161705
-8519353 2925751
-8881759 6216069
819466 -1846221
-4585046 -1592581
-3075281 -6198667
-5901756 1077027
7652969 6794284
8237534 1428599
4441571 3477810
2694190 7414036
-9434883 3849158
8555086 3518408
2553423 -5013544
675457 -385842
-5781209 -5063760
4562598 -6499814
-3685331 6999784
2084840 -2987538
3014764 3664339
3221023 9401272
6688341 8065370
-5419644 6980727
-5482980 8943786
3188645 6644252
1803522 3363122
-218764 3849702
3878599 293064
-2437378 1846040
-9223177 -5928507
-8249233 -9113046
-916642 -3866895
3952114 5199171
2862593 790392
9995635 3797281
-4865249 3073948
8414874 -7653824
-420111 -3027486
9091955 -882535
7869438 2515772
-9760010 85007
-2284997 6105532
7983976 -1806475
3276137 8946617
-9306484 6442920
4634036 -943948
-1028718 -9860176
-4607953 683672
8064330 1247493
3565512 -1385595
-5361539 8158811
1239941 518767
324355 1537651
8291045 -4736236
521983 -2172439
-4631660 2172145
7185380 -4075385
9608404 899119
-2812030 -152667
-7104601 -6431124
9301570 2037483
1489016 -393068
-6264866 9139304
1474600 -8382893
9968261 9228468
-7254103 -4995135
-8808747 9665393
-500207 -4730342
1485419 5624394
-9861849 2404834
5694454 7568214
-5257946 29739
-3646685 -7823596
-8379301 4229837
-4224223 -8432056
-3059602 5285427
770282 -9944954
6605460 3465681
-5037536 5071077
-64499 4892014
-6993532 -9798914
-6905173 -7161995
-2613176 -6079750
-4944895 -9193397
3262649 6698390
7136410 3361843
-8315388 7248237
-8966712 -8709789
-3707197 -2620322
-8155476 5371512
-6292876 -9108757
-7447021 9359385
-2195286 9525738
-6890317 1203209
-1584843 7949688
8243659 -8180504
-5690809 -8854063
9616912 -8155315
3746517 9086109
-3988331 8951258
6738374 8348486
-1926682 -7262279
1456254 -3138482
-6641529 -1982116
5656262 4385576
7433234 -1219480
8171713 -4843411
-1802339 -5098666
-741956 -6381716
-1438929 -1507765
3829782 -2310029
-9172399 -2506690
6445497 6009563
7759267 5603035
6977426 -2215585
1856210 4044546
703573 -154908
-1844383 -683300
6679542 -3100328
2380325 4372720
347221 9446444
-2647430 -2904398
-1200105 -8809953
-4125661 538625
-3034032 -7619454
-1934338 -157796
-131020 8998669
-6369766 8031255
-2395900 -4364639
3286663 3969875
-4776172 9478625
9335347 1819998
8318092 -9767790
-4385683 2087419
-9146264 1734848
537802 -5992619
9616557 2948573
7821265 5386948
3893706 2732001
-2700344 -8152562
609665 8669120
-2369459 756507
-3108288 -6449119
9000774 8791401
101407 -9756838
-919518 7160358
-914970 -7593487
9473863 -4980159
-2497765 -4482034
5887191 -5065353
4382994 8011576
3424588 -4604809
-5859583 5726807
5696631 3358437
8059621 5946512
9189486 -3641563
-4682617 8299180
-8707561 -7592150
-2695034 1846701
-7430848 7407578
-8769538 4261997
-7508122 2074456
4749500 -8223387
-7852026 94457
1267306 6489692
-2510472 -9483242
3605626 8535087
2400410 -8327371
-9618494 671225
7983537 -8901374
-1047139 -5172946
9596334 1596759
-5188794 -7131348
7825928 6697154
2149064 9272674
-4661872 -3832068
-2613251 9601669
-4029203 -9267389
7169360 7345465
6279026 650586
-900681 -4079749
-8639308 -6732235
7221599 4163833
-6892863 1909784
5145010 -7568352
3956438 4603530
5918404 6397891
-4088261 -5273473
-1710229 -4691481
9028694 -480819
-5888361 -6722705
4024731 2619434
-4440300 -869639
-7035154 3500547
6817509 -6959156
-8986772 -4752172
5582741 -3447292
-7027637 -9541471
-3914843 4154854
-2558987 -907556
7871934 3223125
-1630930 -2721400
-2454426 9678103
-72976 1782615
3387661 3250242
7209094 3882
-2302808 -3708092
-4212296 -6867488
5964743 1409373
205384 -1148186
-4604044 9203631
49391 -8402398
-3797727 -3780782
716123 -2434351
-1746119 -4815485
-7268099 -9177648
3649970 -2926371
-4130934 4028983
8347057 -1997009
-2809984 3900793
-7316987 8112794
-810708 5265701
-4027406 1172681
-703107 8088137
8139186 -76702
-4396638 4547838
-2295923 6238613
7819963 -8460560
-6069828 5155792
-9970246 4177685
4372006 -377264
2446246 -9673867
4874311 -8615681
4240996 -6612249
8229306 -4259531
7708431 -4648390
5366794 -9097335
-8375475 1066093
565504 349181
-8085703 -4707673
7314445 -459316
-356864 5437242
-7382260 8903403
7662216 -2940741
49951 8259402
-7303737 -5882549
5876631 -2374095
-9662446 3790614
-2235702 5210658
8374004 8894676
-8297929 2135135
-2104708 6700633
5205216 -6776905
-1425273 296633
6064562 -3483895
2024379 4025183
-9756563 6038357
814077 -7931467
4875459 3355544
4128847 9965181
4706461 9469464
-6179623 -8923753
-4084021 8908682
8464969 7251670
-8263251 -1696134
-4390022 435149
2653869 -5186557
8933900 -6971315
4417370 7693738
4433311 549528
7919988 -7801974
1495506 1439685
-3433608 -4343681
4057064 -6595831
6604574 636488
6163939 8479419
9800109 5587508
-4171798 -2952760
3492505 -2990659
-7806864 -6467755
-8550883 -5399228
-4863373 -1105863
-8545448 -270669
-9838169 1808214
-9757512 -4311942
8005028 -3087904
1935714 8801347
4273572 157591
-9511896 -1885480
-3600980 3872948
6130440 -512877
-6291812 4374959
4422583 3026271
7215378 -7685184
-6728099 -2262279
1189812 -7464446
8697888 -7534488
2328534 -2300897
-3654062 1887314
-9785024 7306948
-3828244 -9284731
-938331 -4599768
-953247 -8757838
3348692 -9069298
9772278 -4109270
4362551 9012443
3686288 7992303
-758214 -8028441
8904234 -2485634
5484973 6360773
-8017711 -5072722
301247 2082798
-3605666 3100751
-4690161 -9993526
3769644 -9674792
3850383 2237028
-4640739 -6634933
-7542160 -9061266
1983541 6479997
-2360870 990122
-244588 -4912634
1843634 -7889697
9846430 4829236
-2094070 6780899
6412925 3090325
1000099 4867427
3916658 4826641
-4669230 1363475
-1763235 -6557815
629749 5661699
4958111 9117531
1841866 7381901
4782884 -4259790
-8827766 859554
-7542531 -3933395
-3794953 5608709
-4564947 -8217984
-4586902 -2266387
2533768 -4393711
-7499886 -1645241
-9247219 -1058657
-153274 9582333
3595064 -7436220
8080036 -2866000
6532679 2982854
-1716391 7546484
1464553 8263609
-2087271 -8430820
-4814680 -5754012
-7309454 -1179146
533819 638401
-5198097 -3859805
-8655631 1023681
4777405 -1417948
8183814 -2191524
-2823858 -2667527
-9870160 3314733
-666639 6217480
2866875 6325773
9565714 -1107068
5533104 591168
1264367 -8245033
3739754 3927263
-1599954 3270786
-6386504 3748012
5633416 -6587640
1655921 -8555572
-7513941 6514355
5727989 -5125559
-875352 -8613605
-553848 -7256885
-827157 1050962
9582724 -781499
6768077 -1319562
1262135 -1436595
5330031 -206751
-9337223 2959674
6973973 -8962352
-7176075 -7138029
3129771 115214
-3471540 -8607292
-5973408 7831335
6203081 -7956387
-6422259 9486539
6999862 -7056800
-5497424 3377994
9948588 9951590
-2655209 -5184011
-3250300 -2888622
6687007 -3387861
-5947947 -1798502
4860023 -8950460
-5035755 -4413039
-5198552 -8435788
4092815 -2788857
2125995 -554750
-3002643 -8632032
-8214064 4662838
-4647122 -6309185
6649998 9919369
-951549 4467582
-9404130 4580937
7294599 -9955452
1136746 -9421909
-7056874 -6694583
2385856 3339521
-3065949 -9701501
-666702 4171027
3349957 -9666129
-3810544 -2287635
8898824 352859
1462455 4091314
6412029 -3904138
-9262455 -2500182
2449407 -1094576
-2813833 2704673
-7846585 2442072
2626262 -1113687
-9572569 -6735719
-2577179 1133317
3627619 -5793052
8955334 -3500898
430969 -2987221
9577967 9934639
-7374525 -7921143
5996896 -3683655
3414022 -2869591
-907711 8507514
9948915 1910573
9389893 4809397
5016864 1768258
8710585 2734584
487080 -6904662
-840981 2812993
-1654897 9359141
-8305231 7038257
110801 -4124041
6306747 -820756
477878 2543722
-1868896 -9494437
2510716 -2296536
-5013959 -9561896
-7289048 -2133960
6262134 7813330
-2750259 -7674323
3614423 -651082
-5272637 6963947
8137385 937258
8725632 4015000
6956953 7102327
-8399361 8016022
-2364336 321719
1806702 9283416
-5299717 8435355
8471554 3299485
-1778220 -5222761
5150201 -2970326
3286688 -4711830
-4822485 -4126633
-4299958 -6096228
-4437840 -8290303
6099215 5319276
8452789 -8545111
2769830 -8731623
-1123233 -4601621
7870335 -4957778
7609484 401308
-5293155 -7243881
-3375169 2165866
3814857 -8208013
-1614462 5980184
4547162 5558023
9824854 -4394647
-1675952 9763409
7620811 6447780
-2779538 -4813969
-6921001 -7569014
3061531 2459823
-138572 -4377672
-8899043 1502340
-9683695 4671128
-2953180 6817065
-6280442 1100682
154528 879975
-8447663 -8102391
-6741832 4607491
9072510 -1717763
5968989 9424682
-2178097 6682785
6458194 4451478
1004016 8724637
318388 5873508
-9590288 1822813
7296167 -849190
-7103552 -1328471
-2993766 -943025
-3373625 7891764
1498468 7364441
9346538 660928
7477705 -8720650
-8359199 -4376321
-7279272 -7042744
-2233064 -7645405
7608845 8339082
1000424 2329848
990544 5387563
837422 1960248
-8634868 -4317896
5040713 -7911197
5960718 -7299117
-8758096 6092617
-2431321 2053719
4150703 4762059
4201530 -483531
2801485 8775236
5914650 -5492788
-6798006 8710730
-6724728 -606246
-5402669 3646473
7620014 411291
6548892 7613937
6579788 -3237606
-1176044 9853285
-7743564 -4483551
-1483033 1489461
7578791 -3368417
-6852729 -9682443
-5065959 -6736978
-8067887 -6092459
438256 8130443
-6474744 -2704527
-2568950 -9115668
-5542210 -4411708
3395672 4542295
-6241084 7189194
-4967336 -2567157
627584 1347834
3778778 4070293
9762476 -2921341
-9010711 -5553380
-4223725 3858481
-5964431 6530423
5901224 -3863184
8755329 3275722
-6359963 -5721390
6294346 -3311936
5122450 -7064487
-1877814 -9078765
-141723 -5074295
-8730676 5036895
9499759 -2933258
-4321579 -923558
2403261 -5067260
-6015576 2438886
5598874 -6382144
7502509 -6553346
-2929372 -9866089
-92156 6547314
9843991 -8735700
-8686402 -3571761
-587133 1425865
899994 7510336
-749012 -4638862
4181785 -3976572
4255481 1450286
-7393107 7336640
1940701 4316723
533790 -3703820
7550763 -4421672
-8690745 -7292257
-1578647 1092310
-7742903 4394452
904342 7853661
2467785 7611608
7337570 2386150
2651999 -9970357
-9908063 -8520509
-5801461 -9183479
7311497 -9651814
-7624864 9360948
-2171209 -7846573
-3828815 4253652
-2335096 -9401837
-237010 9570948
6199660 -3048091
8250971 1630189
6328927 9906396
6052417 4309955
-2385269 -9406263
-516703 -8562916
575745 2588281
138144 6622072
-2924321 1555943
6896966 -9811699
-1382528 -2191158
-8350066 6029995
174263 4707689
796606 -7844635
-530284 7861494
6298122 -2755814
-773346 8603100
3943978 3700113
7330993 -6588941
-2996026 4966431
-9385963 8037181
426215 -1589530
9402483 9440286
-520682 -1656701
-9163153 -6914446
3150262 251073
5280130 5661993
-5575493 8704957
2110761 8261668
9889391 7731165
-3160119 -2124435
1871645 -4852385
-9792619 -8688528
-9318998 7963108
605888 4531655
-579805 -6238035
-2889610 -6589636
-9642789 -674308
9855259 4917841
-8761305 -118955
8520798 5411592
-7818034 3041447
-2002583 6917557
6035586 7369886
731860 -5261593
-6217999 9937082
-2979863 580993
4707855 -4341681
4809486 -9823087
-636166 1652999
2497264 3579197
4128985 -3978165
-8016430 -1977393
8441328 3097652
-421217 5829042
950975 -1765541
5469926 7007684
7758071 8793906
-9477032 5578316
-4730662 -2054332
-4409976 7729726
7463483 -2742851
8745177 1633791
4031654 -3614484
12090 -7270433
295812 -4569224
4003989 4622035
-1993235 -3998278
1558304 -1347015
7751882 -6509181
8899585 -2577487
5869921 -7454891
-4855047 7587189
-2011388 4362320
8516628 3709759
-3326560 2055720
-9895443 5674895
3212073 3946963
-998710 -1438293
-655619 5942828
-5639317 -4144182
-4425472 -8000102
-9353921 -1634694
-5283301 -2777287
-5337503 -2532663
5377577 -9580447
4545641 -5578120
5408407 -7640791
-2948920 -650967
-8555791 1102205
-9083453 8959765
2216327 5187320
456533 -5781007
5544034 -7236162
-2365501 9211690
6547050 643329
-4423849 8106790
5070586 1063502
-3913748 -3370414
-2918690 -6516739
-3712375 -6290065
-1457905 3836087
-2953110 -6064511
-41433 -1991103
-2543267 -5739415
-7970281 -4558223
1111813 -7667404
3429163 703249
7496798 9185961
-5259620 -2550940
-6443204 1846009
945166 -1400994
-7067295 -994237
9681980 -6431084
-3954669 -7539023
542201 -1981753
-7493633 -4932157
1726961 7970166
-6573636 6071915
-2449175 -7683509
2536714 5788251
-2141691 -3503008
4400107 -2100399
2164333 3859102
445379 7084906
-4601642 -4402984
3858160 9024621
-1982987 -9169874
4066535 819795
9497501 7122207
-518021 2516888
3012338 -9931068
-1626490 -7119156
-4125603 4480733
2385817 4430147
6967881 -7084651
5457844 -3174575
-6109510 -3957419
-2692790 4424084
4856487 -6876796
-2940247 7948257
6989616 -1418248
-7857304 -6550892
8417955 -6669271
70187 -4962897
3769315 4158203
4003299 9169422
8716375 6178529
-7243231 -8305401
2298818 -6674754
-4943830 2865866
-4510501 -895026
5557695 5322556
-5064743 3824141
-2773292 2957670
5974695 5049407
-5155782 -9929903
-4707740 5953874
-200675 -9621773
9033983 1975183
-924590 -1751807
-569701 538070
-7809187 -8374902
5488746 4614726
4996010 -7464441
-8912679 -6677680
1290570 5849309
-9290111 859547
7146663 -7904354
1859175 1212076
-6710334 7037659
-3685564 7961337
8860966 3723589
-6878338 4672230
9227959 -856116
-254408 -8057661
-238317 6629106
5403896 -4964949
-4961684 3336313
8715575 135848
140610 6326222
8417569 2413256
-7355736 -3310113
495650 4304693
-1366056 1342285
-9943583 9601549
-1388663 -5235773
9172175 844542
-8171246 -8473891
-8729886 -3945805
-300949 -140564
7942886 -9954495
-9484290 -2310663
5849533 5961386
4397473 -7148079
-3264861 -4490377
-2117833 7139326
-9708175 5852688
-2490849 -1574686
5459908 -3492983
-5825516 -4817561
-2764399 3145721
4826581 3100376
-5111389 5945502
-3263750 -4808250
5403842 -9884807
-8417416 -529557
-4144977 610127
9519820 -4015987
2003341 3851819
-9332004 8185530
-5063777 5678073
8413871 3409004
9458310 915229
-6835727 6610305
5492308 -1300463
6081502 4373743
-606247 -6284036
9492867 454725
-8922305 -6852117
-1847090 1306989
-2749566 -9236205
2584954 8455390
8785601 -5109900
4811595 -5891452
3285252 5959253
-3041202 1644242
3991303 9677477
651196 7908003
9117036 4140041
2524702 6153260
-814009 7200940
-8910792 -8361909
-4442162 -9182773
8802800 3423963
7453197 1430835
7166926 7097446
-2177461 -7711605
6599073 2453665
-2434657 3483908
-1293298 5004026
8985961 -5427511
2984463 9879695
9476107 -9473506
7467112 -6265140
-9100304 -2062500
1421880 2107236
-8535304 -6230740
7325286 -3685539
-4739016 -5652013
-3198021 8281397
2511593 4958853
-1129123 -7252264
-6278117 7236336
-6301269 -6375812
980008 -4506521
-6782257 4002056
-1422550 -9537000
-5763387 979007
9676664 3781242
-6005933 2853160
3901321 -2372639
7375529 4140620
-9508335 -3996069
-9323612 7135700
6381234 6037668
-7504701 -4869933
2285762 9543246
-6651147 1708931
-8325391 -4401321
-2659591 2108226
-9055283 9266534
5931070 -9012247
-4586241 9006597
356244 -8297520
203131 -9680444
-890763 5244081
-8917758 -3036674
5950716 -7274735
2311632 3087516
-7121258 -8746697
-8381192 -677667
8026823 -5027400
3399446 -1107462
-3129999 -1486520
-4160764 -543428
4473534 6807059
7761014 4649901
1449395 2445054
5668168 3561031
4680932 9868532
-4031768 4647830
161930 -8486489
-9644512 -7836489
-3296017 7384824
-3137228 -7441719
3617347 2049980
2273334 -906711
709062 6162637
9589535 -2799706
4186409 5446264
5813700 -8413065
-1333902 -9348604
-7603272 -4831303
-5136555 7590075
-4388650 405828
750987 -1118295
-7379643 -3106986
-2331890 -3841692
-7069204 8976834
1639901 4063511
7222990 -2609950
9377081 2960512
-5380538 -812259
-3075431 1524314
-9434311 -4590706
5358789 3387381
1737645 3461068
7544578 -4828223
-2413428 3986449
2802395 -1144976
254565 -7502135
4793104 6465504
8362964 7159376
7230052 6013705
9283061 -9520194
-4817956 -2173623
-4366131 -1302652
-9640479 8345252
9893796 3082388
-2365755 -2672044
-4411854 7518310
1681041 -1496701
-1588795 7611274
-3030349 8941824
5897310 -8099194
-6187472 1315750
-4865999 8857934
-4662070 2580988
-7154057 292361
8224147 -7028997
-6364867 3778852
-1597721 -4637108
1662660 3120584
2270421 -2422411
-7992500 8290841
1536894 343618
9771924 -2941642
6096080 -7862457
6893517 -9276148
-2221539 1229504
-1919668 865889
5511138 26986
-8487980 -7220975
-2367140 8042858
5748258 2640701
-6102776 1898285
5393991 5609153
3862665 -3696654
9390523 4493017
-8983570 1737024
276305 1187986
335716 -6517669
6678628 2517509
-610473 1562340
1008368 -8049121
-1337263 6330275
7322598 -9752551
-9802989 -6981451
5203775 -8874708
-8035570 6772636
6197451 -6204788
3379734 -3308152
-561088 -4203618
3680391 9939352
5564057 725300
7090720 -6563500
-202815 4929842
6754448 -7725490
-8053545 2997772
5954636 6568086
7987479 -8619062
1459828 6255612
-5697982 -9403488
3202170 5571677
-1110135 -5563499
-3089422 -265616
-2066481 -762308
9572966 -7983366
-5081340 2864599
6528536 358545
8387379 -4151713
-7117310 2678426
-6709292 -1646642
-4370792 9663653
-1114693 -5591035
1074585 4217396
439758 6000843
-3305307 8607007
1728317 8515684
-8257466 9126768
1351164 9547676
6906750 -1855541
-4605857 -662770
-5770544 89320
-8519301 2230860
-714348 -4506782
3133878 -3643111
-8521294 6168553
-1916907 8231594
-9796080 -8892953
9574426 -9038687
-912562 462444
7143719 -9379430
-1428990 2071555
8620268 8789803
-145387 6142076
3700717 9920310
-5666171 8382088
-4535127 6789019
2526056 524758
-9780361 2772125
5499598 4431135
8152935 9534341
3790245 -2417300
-2822160 -5989140
-2551928 -9019935
1505931 -3309983
3428930 5295873
7551617 1027040
287972 -171258
-7586190 6506997
-214605 3133375
4878670 -6537559
-1277470 3215795
-9261812 9454985
-4861031 -137207
4416241 1343657
2036473 -8465970
-113887 7469710
-8591088 1222102
6955135 -9225817
-3641553 -1065017
-3177739 3152707
-5351498 -544388
-2131690 3881950
4746013 4882923
-2673846 -431544
-7106754 9725596
6231350 -9241973
3085665 2999938
-5967902 231355
-7203595 -6497485
-3355299 -33176
5464119 -2907950
-5232270 1450545
-5241804 1355202
-3682723 -3737223
7488380 241745
5038459 3793362
-7965960 9569766
-4870279 -5423983
-1884020 3177819
8098593 3739555
-1748021 2249148
-5388747 7860107
9984872 5350595
-6140517 -3812066
5413062 9136459
-8326514 5963967
-2574438 -2551211
4757325 1480837
9762331 8526474
5337138 3503705
4185655 9753103
7997801 -4549069
-6598818 5311625
-9370436 -7003205
-2769881 9979351
-6512014 -3344858
9021022 -1042723
3240283 1236269
-9639453 3504620
-9908396 2908048
-7422116 -7051519
8454858 -2944649
302323 5104103
8230518 -5320434
8895016 9463336
174449 4510019
3478382 4813150
-608664 -2585997
-5103799 3606878
860875 -323313
-5123719 -6932241
4928037 -4499843
-8502960 9293321
-3769658 -6173593
-3573110 -1135629
5037838 5693666
8046455 5538488
-6556739 2455681
-4643326 -2539816
-4393753 -3556019
8665184 7686357
-4850492 257630
-894421 1152923
8844476 979794
1167478 -1848328
6204680 -7351376
1526742 1910205
-9884326 5977702
7133807 -8763407
-1185794 3036425
4349289 -7828600
-9574245 3876729
2899237 189239
7783102 3195755
-9521408 -1935684
4553476 -4972140
8540069 -2200282
1798157 5510639
399074 -9760280
-8086652 -4045989
7063459 -9617504
-3244427 -5220614
-5879190 1262467
-7115205 2567672
-1788485 -4021148
-9250046 7280143
-4877278 3444079
7070194 1348261
-2037529 -8921739
8001585 2248420
1656312 3921864
-2677259 5108505
-5281894 4470155
6500152 -9650006
-3298993 -2007428
-2024227 5568598
9733624 8906143
1318424 3937339
-6084351 -4593924
3472258 5038570
3424488 -6347303
-6674401 2786299
-15884 5032669
9041516 4449341
6822842 7414150
3753881 -9136660
7946600 -9710831
4721452 -9201901
9056065 3180768
-8198162 -4056205
-5257811 -8034735
2166364 -9794516
6635085 2636217
-8455780 -3116307
4406885 5679897
449401 -9382819
-3372761 730916
5474502 6384899
-7603788 3771058
850977 -119332
5203623 -4703258
-8445256 4171570
4300643 8951907
-2982365 -7454743
2546019 1654957
-6471485 7451885
-8474134 -5353716
-1501018 3524996
-2705391 -8615715
-9980855 -2244941
-8636931 -6122107
343275 4658807
2520529 -8968038
2453137 -2421937
8830408 -533239
3731623 2670047
9497444 477193
-4231888 -7279103
-2977123 4474570
-9786893 3995062
5899143 -1618081
2259240 -2399381
8151295 -5755725
-5346111 -3322246
-9571210 2868128
-5920318 -9873978
-294793 6700142
6082531 -5784937
6013364 -5324028
-2325502 7598185
-1148986 9540436
-4332706 2185172
-7808096 6780083
-8080837 841367
-1312964 26381
-8875779 -7938025
-8025255 2997017
-1836966 -4913791
-5565831 -7721783
-6591475 2741887
-8476761 1417830
-5166943 205866
5458809 5121568
-3388947 -268639
-5187095 -4303313
-4523226 -5566938
-9800983 1329141
-8409613 8416183
-4218947 5434822
-5236440 -6093761
-4288897 -2509381
-9827563 1311420
-3967263 -6142307
1608891 -2150400
-8023147 -9951439
-7250666 4981580
5245385 358449
-4382073 -1007158
-4679976 8137519
-8794424 6889346
4152018 5828297
-7179654 -3022718
-6113977 6796327
-7319750 -6381125
-7808265 6731833
350091 2787091
8169774 3884359
8841929 4875092
-7140809 8296105
-7476282 -7093361
-1304407 -5919486
-3624368 925864
-1991397 -3799809
-3372054 -758872
2123405 3657184
9855454 9503882
-7372174 -9550074
7922727 6093930
-4879703 8487475
9196649 9482623
-8998720 587827
2582075 5573064
4266821 4673790
-3132040 -1922490
-6824774 7611722
172033 -5985571
245998 -8907527
-834280 -5369872
-8634430 -1437482
-5852719 4986311
3721750 -9909174
-5847599 -4111809
-3822043 3018106
7064974 1006228
8904230 -5326333
-9501692 -7055442
-997335 -3110800
3872741 768874
1374609 7440050
8395317 3924834
6692095 3651305
5086834 -6116796
2553447 1607622
-857148 -6346719
3374768 -4351331
200594 1392292
8908988 -4214728
-254846 2553882
-669093 8301388
-4247441 -2671731
1500009 -417272
-3018209 7926381
-6887 2399712
-4867191 -5560694
-4951069 -6008693
1452368 -7580166
23075 1148737
-6282658 6928217
-3905958 3877157
-1714236 -5153214
-3069397 8954819
1217749 -8031538
9327527 7615852
4162726 9343770
9538078 -1739149
-6291633 -2478710
-3289953 726460
-8173036 -5615733
7067166 -9924068
-7821480 3253379
-5254339 6730456
524275 6103675
-6551632 -5404203
1421081 8531349
2085426 2758663
-5463329 8751802
4050750 1859110
-9937794 3041273
4835167 3472950
-7103692 9667166
5561925 -6860915
5584677 -3550151
5630698 3768965
-8395813 5708554
-1144411 -4110568
3230268 886305
3530706 3453542
-1890255 -843639
1933313 -5596997
3320391 -5040985
-1445965 9378747
-7530957 -5693870
79087 -5435486
8842158 -7600745
-3487166 -7089035
-7719191 -6191011
-4691402 2571720
-5798765 -4848192
4556575 4517977
4275232 -6447390
450576 -9946035
4856351 8034539
3407587 7377074
1486827 48089
-7199650 -4676329
-687981 1139821
-3120390 -6644849
-7834819 1178820
7077869 -5479641
935166 3561099
2308312 -8882019
-4194532 -8640351
6766649 -3588229
1125238 -4625925
-1836242 -374960
-5539407 -5296161
8556758 -1899715
8477411 6835424
5653837 2085217
-1065744 6646656
-1566744 -5677773
6598416 -34088
1332081 5279287
204017 -3083081
8339130 6598666
5038226 5194325
6072327 -7431312
-1196505 9883464
4511349 1155133
8321713 -4796753
-1468033 -3596144
8426567 6792418
-8471574 -6306152
-7827278 8932488
-6135464 2762208
2725770 3462943
-7193458 3949563
5077321 -6025487
7933219 6492965
-9968231 1638033
-2164169 7062015
-5904986 -9463211
-563881 -8824182
9377004 9753338
-8178404 -6497886
3405307 5783716
76744 9148761
-3578415 -1208804
2218397 5153991
-7657923 7545336
168653 -4343106
9379937 -6178719
3864775 -1429250
6137557 -2955965
-477478 -5791548
-1996803 -3166130
-5543605 -446320
-1655306 9016379
-3846423 8244246
-6475280 6800074
5902393 -6530216
858746 7564153
2392033 2195243
-873610 7623424
8297588 5165297
1344528 5735423
-7739099 -7245615
9853477 2997290
4182126 -3793232
-4444158 3299204
4014939 6159353
-7956120 4560406
2017233 2467894
-7969000 8731568
2802462 -223924
7192486 4658023
9602268 5769187
7865097 1397356
4858299 -8147106
682789 -4151589
706363 -875951
6675573 -2829785
-6047660 -6562386
