3100
-56 -85
-27 -70
95 23
-32 -79
-61 7
-72 -14
-66 26
-37 -29
-55 -4
-80 67
-19 83
80 -91
-52 25
-5 85
-83 62
6 -56
-82 11
-73 29
-64 -78
99 41
-39 58
3 -46
-34 -37
33 56
-17 98
85 8
45 24
67 30
58 -40
-40 -5
90 59
98 17
41 -99
-28 -89
99 -97
5 45
-73 28
27 -59
78 -5
-80 65
21 93
41 13
-65 -23
-7 0
-51 58
8 -97
13 18
82 20
20 60
44 33
8115 6976
-160 -5991
-7802 -212
-4026 2303
-4348 8439
-9298 3707
-5069 -7308
4169 3497
8769 7213
-9721 -5207
3471 -826
-9950 -5259
-3991 8941
4622 6368
2970 7230
7713 -4955
-3653 -3487
431 -856
1938 5857
3299 -1863
-6450 4118
2834 9032
7243 199
9786 936
-6543 283
4438 -3311
-7391 -6751
5899 1479
3078 -20
-7883 -44
-8674 -7627
4954 7981
8499 4476
5592 -4823
-8030 -5454
9453 -1447
9073 -7330
-6630 1913
-6040 -4372
5281 -9704
688 -1855
-5910 -1288
-7559 -4930
-7781 1522
3074 6928
-9174 1741
-4623 8045
-8151 4994
-7936 -2288
-3916 2653
9769 7690
5564 -9640
2431 -492
-8971 -2733
-430 6009
-4952 7496
-4262 -5038
-806 4297
6773 -519
1978 1188
-9192 -5734
3469 -4351
1706 -3436
7521 -8168
-7981 7481
-2742 -7018
-1982 4635
4580 -8076
-4770 2755
-4410 2015
-1568 -2056
-2673 -3499
1780 3953
-3091 4735
3231 3446
8491 1164
-7760 1450
-3340 -1483
-8528 -8710
-6493 -2967
5333 7186
-4891 4572
-7114 -5609
6940 2380
-2018 5858
-199 -7171
-1835 -8430
6856 -7706
9144 -6930
-1111 -635
-8810 -1514
7490 -4760
-3260 4525
6202 9891
-5951 -9022
2051 1837
5826 2401
-1868 -9883
-5748 -441
276 -484
-3964 1067
7871 2372
7480 9540
-6116 5255
4190 8496
8561 6202
5314 9809
-8828 7077
-5632 -3672
-8388 2653
-8443 -8425
3588 -1287
144 2944
9532 -3425
5375 5480
-7954 7051
2824 -5699
-7647 -340
4729 8373
4256 2039
-5152 7230
6127 6282
7871 -4031
-7199 -2343
-4814 -4869
-2134 -7424
-857 6963
5210 -2838
5730 8309
-9981 1104
5088 -5833
-1701 9167
-4748 -1275
-1872 1063
-4559 8274
9178 9911
-5516 1104
8092 -824
-6983 -612
-8576 -4619
-497 8150
-5820 -6627
2210 8464
6358 5
7909 668
4549 17
-8472 5646
-9822 -8954
-9165 3244
9770 -9390
-222 -9317
6315 -2316
-204 6538
4850 -3397
7045 -4649
-4494 -3252
5804 -7185
8768 -1845
9068 9033
-7691 -9618
-3963 -4254
-6247 -5814
-8728 4651
-2888 9360
-3105 -2079
1726 3260
6649 -4794
-1968 2132
-5510 9992
-2807 7075
-5215 -528
9838 -7207
8149 5177
-4511 -1867
-4434 2517
8770 -7829
1533 3252
2083 4213
4935 7097
-9358 7759
7912 -5460
-7747 -5070
6970 9270
7935 -4308
-1396 9505
5571 -9424
-3920 -6037
-4190 -2743
7300 9181
-3206 -2079
7324 4025
-6619 6835
7214 855
5958 -4284
5377 -4150
7788 -9719
1610 6481
-4761 -6230
-3922 -2048
4212 7273
6394 2406
-1041 7873
-8997 -8581
7295 5925
874 9944
-2400 -4073
-272 2313
-855 -7542
5801 3883
3270 3874
4347 9834
6479 -3638
6815 4390
-1558 -5442
2453 4109
3387 2738
5234 -7111
-5497 -3814
3229 8271
4813 9111
-6980 4999
2330 9673
-8338 8294
-5783 5133
3151 -1555
24 -1589
-1924 -3578
-4223 -8299
-8635 -6940
7704 7907
-9838 6995
2624 -5831
-4568 2140
-44 -556
42 6803
2373 -44
1836 17
8171 -2156
-6173 5594
9532 6223
6362 220
56 1862
5133 7638
-4910 -7653
412 8736
-663 -9080
-3939 9782
-8221 -7997
-4817 5757
5073 -514
4769 -6518
-8340 9286
6805 6051
-3074 -3124
-7550 551
6048 4351
1868 -6619
-2635 8443
6447 -9113
7405 1585
9795 5527
-7718 9454
2446 2928
6762 -3095
1579 -1905
-4997 -5717
9637 9083
7969 5311
6897 1272
-5176 5279
-6571 -4814
88 1167
-2103 -580
-623 4718
6423 8564
1261 -1680
8457 -2734
6818 5795
-2906 5719
6162 -3141
7968 8249
8663 -6193
-2868 -9037
3746 -9278
-9691 -2432
6268 -3756
-5987 -2795
7716 -891
-7491 7536
-4915 4515
-2103 1239
3940 535
6537 -8062
-7951 -9216
-5058 -5099
6390 8363
-4188 -6555
-1815 -7398
-3975 -6411
2499 2111
-4204 -8486
-1940 -3866
-5182 8722
-893 -1196
8622 3767
-6044 -2040
6172 -7917
4931 -919
-1148 8499
-5586 -9677
-6013 9095
-5290 -1573
-1502 -2351
7634 5554
9549 -7242
4283 2019
-1689 -2959
-9262 -9912
7641 -9827
9757 -4090
-4071 -5872
1437 -3851
3795 3814
5583 -8299
6016 6715
7092 7377
5199 -6339
2777 -5618
8925 339
881 9113
3740 -2682
4499 -9046
-5811 -3919
-6641 7409
-4356 9837
4123 -7640
4378 5796
-9852 -7257
6408 -6375
-9014 6265
6777 -1288
-640 6824
1358 1723
-667 1357
-8530 -8059
-9410 -5857
119 2531
-1255 7459
8716 -4071
-5682 -7849
3876 -8028
-2669 -6897
-3520 -8115
-8698 3913
5292 5879
-9594 -2146
-7797 -1751
-3481 3252
8156 8514
-2071 -9859
-558 -9196
1378 7982
-1574 -2488
-7361 -8769
-7349 -164
2224 9579
-7006 7494
2813 -5482
-2378 7516
9151 8220
-7288 -7086
854 7014
-7956 -8857
-4657 -4430
8850 9460
-1282 2845
-1845 516
-4689 1279
915 -2913
-7397 -721
-3738 -8325
-2750 -228
-4506 7524
3432 -4035
7537 2591
-8787 5925
-75 1488
7863 6404
-9822 1508
-4203 1788
-4799 4503
-7444 1274
9466 3141
-9669 -5862
2226 1910
3432 7197
3717 4477
8006 7248
-3258 7830
4788 -718
-2228 -6442
-7171 2457
-9628 3071
-8407 5369
1455 4103
4094 -9007
-9562 -17
-9320 -6491
5884 -694
4590 9218
-3325 3876
6162 2813
5867 6837
-6615 -8194
-1918 -1922
1213 2741
1433 9197
7210 -7613
4005 -5315
3376 4834
-6800 -4448
4174 -6935
3088 -2278
-8212 3980
6020 -6684
-6811 8231
-5339 -6074
-4529 -9009
-7712 1822
5566 3848
-5039 -8172
-6503 -4184
-5668 8775
-367 5628
-6578 -1389
-7678 773
-4918 1130
7370 2152
1862 -9403
-2 8987
9403 981
-9088 531
1097 4794
-6031 -2532
-9760 -2751
-3348 4664
-1549 9679
7324 -5278
-1976 -2058
5511 1265
-153 6724
6068 -2982
-5591 4798
7714 -7717
9077 1755
7889 -4710
1648 -8043
191 -7988
-9531 6498
-9210 317
-5349 -1703
-2669 -8396
10 716
5083 7913
9820 1655
-2891 7855
-9216 7040
-3934 8044
5142 4292
-6104 8077
-9974 6687
6832 -3103
7942 -6829
3480 1354
1363 2940
5050 9578
3205 4124
7490 7599
-9997 -6501
-7948 -7993
-4812 -2132
-740 1953
4528 1890
4264 2375
-3003 187
2947 5442
-5007 -3009
-7288 -8356
-2470 6199
4042 -5875
-5302 1917
4110 -4015
-2067 3556
7628 -1234
4433 6819
-3387 -320
-863 -7855
-9060 -8565
3176 -2715
-9798 5061
9982 -7189
-9949 -3968
-131 -2271
-6756 -8519
9868 9270
-5657 5718
3169 3289
-9177 5264
-2750 8458
-5468 4342
8635 1341
-5031 -6652
5282 -1071
-6997 -5800
720 3727
6400 9616
-2876 3394
-5984 -6649
692 -6952
7368 -8158
-9215 6585
9368 -2416
6533 -5131
2183 -2283
7117 -7884
6800 -9132
-1222 -456
-120 -8287
-3666 4564
455 6439
1216 -6826
5500 971
-5796 -7259
3528 6996
-6056 -3543
6681 3492
-3714 -3205
3283 3409
9621 -7735
-1314 -2368
3818 -6556
7430 -8988
9897 1590
-8212 -9412
7555 -1781
6744 26
-145 -639
-6390 1248
-4517 -7609
-7795 4382
-69 9299
-9002 -7317
9129 3709
-4650 5947
7159 9100
-5990 9705
-7331 8394
-9031 -8162
8122 4229
-287 -4165
62 5294
6233 2375
1536 -185
6251 5992
4070 -5913
-6926 -5809
7109 -8387
-9423 3220
3134 9799
-9185 653
-5338 -973
8862 -7797
1663 5754
-5343 260
-9300 -9500
9248 -5398
-1428 -6973
8854 -1237
-1140 -2140
-4900 -9257
-5798 -3317
1464 -2556
-5861 2899
5908 912
5685 8302
9491 -2401
-4172 -5693
9103 -9945
-5231 6220
-7076 -5470
2911 -4898
-5598 8269
-2677 -6238
-1163 8879
2397 -7478
-9107 -5566
8732 -7400
8965 -2848
1416 -9444
5433 -8035
8561 -8036
-1262 -5531
6702 -2283
-9397 2710
-333 -4165
-6664 -2696
-6207 60
2860 775
4728 6441
1157 6287
-6357 -846
9757 -6434
3841 -7001
-1028 -7687
-302 4840
2984 6933
-7714 -4460
-523 -2856
-5388 -5149
245 808
-9675 -2218
2752 3020
1469 -2222
-7208 3750
39 -2559
-3702 5092
-7720 2635
7352 3617
-6532 3624
1636 -4998
-3306 1794
-3921 -9319
-8105 -4755
3220 -7716
9128 17
2718 4311
8935 -787
-2152 7601
-2408 -727
-1897 -6173
-405 -3381
863 -1008
-2289 -8238
-372 -7814
3739 -4641
-1239 -7894
2707 -9169
1227 2279
6261 2952
2665 -8901
-353 3431
3120 841
-2032 -4026
4250 1968
-5920 -8323
-3325 4768
6262 -7957
2769 5049
-1427 5358
-3310 7785
-9303 -1862
2877 826
-3325 -9340
4674 -8875
7932 -8650
-920 9219
6970 -6172
3784 9465
-3090 -1588
-9623 -6405
-9842 2038
-5995 7057
-5842 7336
1610 -6481
-9780 7468
-1772 -2684
3227 6699
573 -2686
7814 4145
129 -6104
-9781 -3338
5164 8794
-8513 -7085
9690 -3426
-5147 -8935
-166 9290
8350 -5410
3587 3456
7355 -4507
-7183 4281
8742 -5853
301 -5117
-2251 -7135
2782 7308
-6116 -2260
-1155 -9793
-3709 -8208
7353 529
-494 3724
4523 -7733
9494 3357
5583 -2235
-1796 8613
-3005 7750
-157 -2168
7527 9168
-3827 -7140
4383 -6720
1656 -1271
-6573 -3245
-311 2734
2693 6081
3748 1665
782 -2702
2442 -97
9841 -5338
-7113 9807
-8967 8914
-970 8058
430 -2394
1743 -2314
-2349 1616
7319 1159
-4722 7562
8463 -8396
-8224 6864
-169 -8460
4146 -4319
-7730 -3999
-1832 5410
-602 9859
697 8055
-8267 -970
8092 -3752
6978 4370
-2443 6132
-6229 6196
7667 -5320
3770 7825
7572 -8627
-2668 6953
6792 3721
-8395 4744
2375 -5795
3834 3007
242 -8318
9546 4009
-1932 -7267
-5593 4694
478 9156
3162 -1359
-3500 -2613
-8297 7386
9436 4631
9070 1047
-508 85
9271 9030
6429 -9302
7307 -1220
297 8628
4283 6257
6839 -8608
-2080 -5696
3140 1520
-8129 -7956
5812 -1156
2270 5950
-2184 -9195
-9174 -4659
-503 1569
-3475 -1789
-8150 2049
1459 5213
6545 9460
232 2841
525 -3322
286 3486
-903 -6093
5105 -5852
7109 498
1102 -6158
-724 -6086
1952 -2870
3324 -6410
1949 1671
7511 7604
5993 -7892
-3992 -5040
-3935 418
7064 -6851
682 -738
-2530 -7641
-9222 -2093
-1006 -839
-3307 -2192
-9032 4828
-6748 -3814
2940 2761
-812 7922
5277 -7224
7805 2430
7173 -3934
-7490 3770
2726 7383
9659 -9473
-5131 3294
9210 9768
2714 -6241
-3802 -7527
-8722 -3371
-4000 3074
2100 1709
-1967 -5559
8303 -5459
5520 -9030
3516 -5023
2428 -2807
9974 7018
5638 -5133
-5321 6293
-1183 -7055
4877 -4292
3333 -9718
-6987 -5804
5057 -6720
2318 -7890
-4182 4387
5225 -1660
-6969 6487
5888 -785
1457 5894
-4782 7217
-2551 2355
-5765 -6315
-6977 -422
6932 -6635
8727 4151
-1424 8926
660 -2371
3471 1856
-3589 6679
-8224 8375
-3829 -6623
1769 -9404
2291 -1860
-4077 9341
-1309 -1175
5459 5201
-6434 -2870
-5857 -1690
-9896 6267
2993 -8521
2232 5759
-9180 3999
5506 7240
-6291 3832
6926 5317
-2657 -5257
-8161 191
-487 3749
-7535 -1482
-7817 -1869
7079 9733
6974 1049
3911 8678
3120 -6633
-2745 4694
3981 7281
-9830 -9495
-4723 8281
8558 8124
3449 -3160
8371 -2957
-5253 3542
-4474 -6291
-5668 9944
1973 -7958
6770 -2645
-5633 -8901
3594 6504
3768 -25
-3143 3084
-3685 1718
-2357 5570
5301 9040
8415 -722
-3310 2454
-3540 7999
8346 2296
-59 -8651
-3872 -9736
8463 -7062
7306 2410
-1675 392
-2007 8055
4362 3580
-7847 7138
-8366 1963
-1353 -3493
6761 5999
4019 3097
8732 -1532
1805 -3243
-4146 2568
-7733 -1652
-2883 -9394
8461 719
1074 -4998
-3551 7445
-2161 -2234
9955 -2716
-6006 5100
4597 571
-6661 6188
946 -632
6050 -272
5488 8735
-9030 2863
-1523 -6408
471 9319
-1793 -3932
5730 9064
-5686 2867
-8722 8613
7712 -2955
7360 -1537
1521 6810
-6542 -3125
-5369 7498
8414 5459
-3950 -3658
4574 70
-6971 9795
7145 2941
6345 -7437
8445 -6303
-9816 -8426
723 2751
-5444 -7723
-3033 -1098
-7048 4327
-882 18
958 -9541
-5345 -2604
-7143 8641
-6266 -7939
4752 1366
1764 8351
-6353 -1555
-6799 -1227
1885 -2614
-7267 -6994
-8123 5099
-9467 2996
-4231 -4747
6290 6604
-3261 -225
895 7529
3725 -2666
7702 -6663
-9281 -6937
-5350 5660
-6817 -8479
-1514 3610
9756 3300
5124 -591
1328 -4396
-3357 7013
-6753 6854
8853 9921
-9101 2914
-1856 59
-5215 -4648
-4956 -6752
-3760 -426
7663 -3904
2617 3441
-4059 3335
-2856 9371
7577 1950
1228 5357
-9598 -5468
3007 -3836
412 9609
-1810 4348
4483 4344
-7858 -5989
-8926 -7959
4607 1490
-7230 261
-2238 -4953
-4230 8413
8743 3939
7372 8347
-2551 -3607
3587 -9672
-6761 -6494
-4685 -7178
2119 -2048
9603 -2028
-5246 9113
-4943 6670
-8444 -3597
3502 19
4835 -3184
7514 7914
4423 7574
-9122 3334
-8869 9850
-102 -1854
-3230 7601
-1604 -4574
7447 -5610
-8330 -4538
1831 -5736
-9696 7304
-5611 3335
7484 -5606
800 6850
199 968
1143 8501
3185 -5008
-3607 -6000
-7742 1532
329 -4808
9943 -397
-1221 6688
-54 -3786
-4940 -5873
-9910 -9680
3058 4341
-741 4552
52 -916
4970 257
1460 -3042
5184 8402
-5386 2262
-7870 5403
1212 -4605
9942 8799
-1571 -3252
2545 -3787
1882 -79
4436 3934
5054 7919
-4592 3067
-9995 -6629
-7836 5782
5734 -157
1514 -8836
2741 3973
-8087 -1034
-6377 260
8705 -3440
-7186 6915
-46 368
-9922 -925
-5720 7848
-3942 1320
-377 4060
2040 -2778
-586 2574
-6695 -45
1040 8484
-1879 -2596
-847 2947
2373 5095
-7954 519
8393 -6996
6372 -4619
8508 -2400
8551 1354
-453 4945
-8487 -4289
466 5889
1511 -1164
-9036 8858
-3049 -5216
2270 5798
-536 -3190
4343 4636
-8399 -4055
-5129 6236
7763 3611
1374 4959
-9482 936
-4147 -2069
-1200 -5938
-628 -34
4997 -6733
4173 3586
1964 6895
-7456 -683
-7455 -4065
6081 9330
-8653 -8244
6829 5638
6787 -4796
-6059 -5614
8141 9811
5191 550
-8201 -8223
-1593 9541
2857 -8559
-37 9465
-1263 3525
963 534
9538 -4546
9958 4033
-462 132
2248 -3829
4084 -3442
9500 531
-1034 3353
-7623 -6548
7710 -6614
6691 5681
9618 -3004
2180 8990
8125 1707
6642 4742
1719 4165
4400 3704
360 8727
-6352 -1653
9450 7247
6799 9128
8162 4370
-1257 -8576
1337 -1229
9889 6656
-1756 3605
-4770 5992
-4410 -8483
6922 1390
-1486 -9632
3603 2763
-1252 -5115
-3455 1014
2236 -9712
-8657 8341
9780 1501
1430 -2606
-5318 -6264
-1953 -4403
-3671 -5664
789 9232
5409 5192
-6191 -6827
-2419 7583
7218 -5401
9145 -7785
-1131 -9543
-6293 -7247
5234 -9442
-9661 -4455
932 4441
-816 2254
-2019 -1896
-5258 6151
-2789 3067
9650 3089
-3296 2970
2351 7401
-3671 -4784
-4928 -4555
864 -4990
1766 3858
-9550 1132
2923 -3808
5772 -1424
8367 2887
3545 -6269
-7876 -5634
2574 95
-107 -4548
3162 3154
-8118 -1339
-2977 7045
941 -1468
4946 -3331
-4528 -5776
316 -7707
-3516 -6590
-5581 3933
5032 -9967
7264 4872
-1475 -6329
-3127 6282
-435 9363
-9764 771
9422 8836
3188 -4809
-5152 -5339
3341 -3956
1133 -8496
-4496 5668
7745 6529
1179 -9841
3920 9720
-1109 6910
4677 -3133
9477 6004
2507 -4937
-5151 1837
-1619 9733
-9052 -2659
-713 -6704
3282 -2982
-5433 4833
-3775 2553
2456 8990
-8283 -6557
-5631 3392
-7938 -8738
108 -1250
-7440 -7064
9109 6115
6118 -5658
-5307 -1058
5288 -8480
-3881 -4133
-9604 5737
5515 -439
-8099 -83
8230 -2628
-2358 3341
5131 2195
3370 -1688
-41 5572
-9546 4897
-7702 -4283
2739 6322
2586 -5706
1289 -1312
8281 8305
-7722 4226
3199 2487
8388 -3233
992 -5764
7438 5406
-6690 9891
-3906 -2901
-9981 6896
-9224 7921
-8495 -6
2328 -1005
2897 -5278
8038 -3868
6641 -4702
3879 -7576
4930 1135
9844 -9777
3304 -7170
-5613 -7446
8028 8510
-315 -805
6140 2636
7049 7408
-4812 -1534
-4585 6996
5462 -869
1826 -7920
-2143 -7217
-1106 6285
-5878 2234
-289 7447
-5501 -4604
-2523 -7731
-6125 6414
-312 7054
-6992 4205
-6193 -8273
-6583 -2192
6748 1530
131 -1645
8038 -4264
-284 99
-8979 2868
9718 -6785
3383 -9222
9644 -5423
6838 6298
-1457 -7959
4285 5898
411 -8789
-5059 3562
3427 7035
3288 -7124
-7683 3245
7140 -6191
-722 -2630
1614 9935
-615 9919
8328 -7603
1177 4192
-9795 2996
-9525 642
-6558 9892
-2338 5101
1853 6317
-2365 6953
5785 8405
6515 5249
-1063 -5054
7485 3354
-8946 -1431
1702 -8024
-4031 -184
9775 -4046
7249 -9044
6595 -4172
-7455 -8807
-7584 9509
-5466 3687
-749 -155
8087 282
-3452 3665
2302 3087
2591 -8559
-9205 6459
5595 -108
-9011 -7033
-1281 -3952
-7823 -2172
-5019 1001
9367 7477
9744 -2071
-9587 -3810
4847 -4985
-1787 9135
-7782 -3182
5627 1622
-1093 -6255
6746 -6794
-3515 7823
-6930 7916
-6309 4736
-8592 2354
-3240 -7801
6168 -5710
6423 -9950
-6686 -8455
2427 -4512
6833 1733
7411 -505
-3574 4596
-2522 -7665
3571 -3593
-5101 -6025
-3499 6698
6218 -3782
-7882 -5651
8661 -2903
3025 5952
-4164 -3599
4152 -5004
-2456 9254
5024 4087
-2753 6932
7957 -9745
6816 -1497
-7207 -6789
4782 6131
5707 6215
6234 -2670
2867 4059
230 -1444
-1619 -8446
-630 -3120
8895 9090
4740 -8877
2972 3968
4835 -1815
-9063 3212
2693 -6064
1907 4367
-764 6599
-7294 948
-8733 234
-7316 8365
2493 1840
-184 1697
6783 7608
-4100 -5179
2277 -8747
521 -6508
-1350 3621
5495 6574
29 9016
9443 3682
-2133 5984
-5849 4423
4710 -4871
3220 1572
-1573 -6889
7880 -589
-225 -7403
-8568 2120
-223 -7852
-7687 -4398
6093 3388
4707 5947
7270 -3546
-2543 8049
-6008 -1106
4566 -3218
-4000 -1696
-8576 -6101
7840 7043
-79 6952
-7722 -3709
-9586 -1943
4148 -6993
1637 -3869
9591 3535
-6321 4562
-767 5387
308 -9551
4138 9559
5030 -217
4958 -6738
-2399 2966
301 7479
2652 -2342
-595 -5676
9601 4195
-289 -5713
9650 2430
-632 -2669
182 3177
-5011 -4574
-998 -5908
4516 -9851
5363 -7880
4972 -6453
3263 -8340
-6494 2253
-293 8173
3706 -415
2612 4796
-4564 -4407
-8519 7485
730 -9665
7286 1636
4914 897
8612 -2286
4404 8114
5248 4534
-6550 4050
9379 3341
-6269 2083
5896 -2973
-8189 -9521
-4512 4126
6801 5126
6626 -1142
5140 7517
-1101 -1329
4441 -2464
9300 -6710
-9254 6635
1159 -2601
-1706 9788
4174 5185
696 -1343
-3314 9301
-8794 -7934
3912 -7531
-4254 -297
-456 2651
-744 -1837
2586 9222
443 7638
9028 -516
-988 7336
-9434 4839
6719 -3710
-3623 -4739
-7965 9453
-5094 76
4222 8473
2251 2943
-1482 1064
2321 149
-1622 1807
-1819 -6435
1276 -3644
4676 -9108
-478 -9060
-240 -5625
3619 6867
-6119 1752
-4524 7031
2475 737
386 8163
786 3029
-7195 6639
632 9207
-1155 4203
4726 139
-3513 -488
2794 -6744
-5333 9643
1050 -4239
4990 5963
2653 3079
-6218 3853
9648 -7121
5948 3600
-2232 -6246
6581 2875
5895 5925
-7028 9762
-8259 738
1470 2592
9964 -7666
-9077 -4239
-2583 -7222
2168 7509
8695 9887
-9352 517
2114 9487
9898 -9598
4524 3544
9742 6635
4002 5570
-103 4197
1863 9060
-3211 -5501
6302 4191
7312 -3723
1236 -5411
1275 -990
4912 -2346
-618 -7387
9102 9837
-216 -4375
-8802 7377
-8473 -1487
-1943 -761
5155 -2583
7188 -556
3007 444
2367 -6678
-5051 6951
-2481 1555
-3386 -5233
-3336 4796
-2769 5554
337 4711
1197 -1750
203 6288
-2754 6994
-7061 6420
357 2819
6038 -8180
6058 -9892
-3851 -8064
-7489 -846
-1427 -9759
9128 -2579
3105 992
4810 -2259
4797 1972
3170 4505
-5410 7929
-7585 5489
1975 -3577
-5188 7075
-1203 -8352
-4449 9629
4869 -3400
-8092 -1104
1351 4737
-7488 5018
-8799 2009
7348 7035
-559 2043
-1425 -4488
-9642 7247
-4338 -2693
-2021 4234
5138 1110
-8367 -6700
8133 4717
9362 8447
2453 -1581
-7561 -6600
7532 8814
643 -3594
-8816 6098
-5807 -9316
387 9626
7868 5358
4883 -5475
8433 9300
2421 -5693
-7911 6469
2197 2901
6530 5333
5167 2197
1471 4895
7588 7375
8032 -7632
9545 6474
9532 3386
210 -243
-8099 8111
1255 -4407
3967 6051
171 -1626
4468 4267
-9778 -9963
-4340 -4245
3225 -1497
3223 -4310
743 5217
-4553 5181
8878 -1447
4094 -2849
-8472 -352
-9448 5260
-1384 5068
9152 -1208
9384 1250
5751 3659
-551 -3476
-1007 7764
-8770 76
4371 6032
-4904 -8627
4791 3845
-4069 8304
-2461 5529
775 -4244
-1785 -9006
8780 2977
-3803 -1111
-8873 7647
9875 -6879
6450 -1323
9729 -1075
-6100 5728
839 -4632
3106 4981
-6833 3519
9541 7770
-662 2964
-2946 -2501
5613 2125
-497 3562
-6952 -2998
5220 9598
879 -4295
9552 2531
-174 2000
7441 -6569
-9321 -7024
-3772 1334
-950 -3618
4969 1650
-2842 -3900
4192 -1160
-9387 -6970
631 1732
-6894 6110
-6160 6514
7133 -4578
-826 -5533
3045 -2521
6359 494
4596 4527
-4273 -288
-1428 -3759
-43 -5789
-8096 -1567
3661 -1493
3496 5264
8814 -2669
7397 82
1092 -9831
9616 -8461
-8890 -6560
-7987 -865
-4588 3878
-7219 -1811
4683 -416
1714 -9547
-2105 -45
3273 8876
-1105 -9988
9883 4198
1375 32
-3463 6998
2999 5869
-946 3396
-7326 2120
-9983 -818
8274 7687
7635 -4494
-4990 -469
9999 -7664
5695 6475
915 9330
4554 -2948
3879 -3904
-56 -5769
3382 5089
-3356 -7681
3548 -8614
6526 6344
6518 -979
-9987 4787
-372 6799
-6138 -442
2854 -2759
-2685 3900
-4508 7504
6317 -2016
-6602 7533
-1107 -5463
3468 -9505
-4628 -4979
7420 671
-5018 -9186
-3194 7814
-3156 2593
4095 7217
3729 7425
-5552 4206
7019 -6578
-4853 -366
-4078 -6606
-1729 -3519
-9617 -4068
-7094 4302
-422 -1447
5672 -3912
7048 5350
9227 5545
-8348 -3909
-2932 -3692
9371 -6154
9538 6117
-2513 -362
7015 -6720
-1672 -8606
-1525 -4386
372 -5481
-6085 6200
-7952 -6561
-195 -2331
-8615 185
4246 4775
7062 832
5009 -2522
-8520 1096
2897 -9861
-3900 -6730
-5894 4869
4235 3310
-1111 -6755
-1244 -1915
263 -3425
-9682 8014
3549 1032
2741 7274
5407 -2535
3055 -7726
-657 626
1064 1175
8307 -3447
-3288 -633
-7909 -3203
-5203 9310
6448 -9931
-8703 -8317
-712 4631
-7395 3662
-5896 9468
-8220 -616
-7750 5420
4104 7678
-7942 -6005
-1071 -699
4086 5149
5446 4789
5513 8751
7762 6530
5375 7209
-8764 2639
3373 4611
5099 8473
4795 6404
7465 -5241
1322 7719
3386 -2424
9644 9592
-2352 642
5044 -6919
-4582 -947
7449 -1128
-3580 4461
9446 -1233
-127 3433
2057 6861
-6055 2254
9192 -4002
-5120 -9626
8069 -4188
-5463 -6582
9100 5714
-6233 5514
3077 5084
-6544 4606
587 -2701
-5910 133
-4133 -3588
5185 -9936
-3209 -4924
2442 -6152
-9721 -3796
-6628 8785
7486 164
3841 -25
-6497 9991
1798 4628
-328 5491
-6392 -1327
7166 8710
-5834 6665
-3236 6206
1221 -1126
5760 5692
8602 8977
2708 -1302
-1894 -3630
-8984 4203
9117 -3755
9505 8750
3986 1646
4900 9794
9066 -6982
1951 -4692
5754 2127
-4090 -3384
-26 9477
2673 -6800
-3575 -4659
7673 -756
7344 237
-1665 -6575
6825 1627
-1305 907
1362 -3882
-6665 9783
-6376 5190
4882 -2111
6494 -5590
7717 -3826
9443 8401
-706 -6111
-810 -6986
8325 -5319
2848 -8219
-9875 -7512
7743 5473
7746 6036
-438 -4863
7658 819
1366 -7318
6600 -5308
-7478 -1231
3241 2823
-5379 6440
7908 -4403
4292 8087
-5310 797
3551 6511
-4530 6650
-2654 2872
5335 -5307
6999 -9642
3376 -9929
-641 7501
-2308 -3429
8068 -352
8376 1570
9198 -2932
2813 9528
5241 2242
9871 -6214
-6773 -9911
-7638 -9078
3826 2671
-7909 -6158
6819 4548
4048 8642
-5113 2227
-2672 7526
-9988 -8073
8931 8216
-4520 1051
-778 2670
6874 7638
-1234 7723
-2194 -1853
2010 4895
9821 -2238
-7548 -6260
-8828 4539
-8319 -8416
9720 2899
-4121 -6029
5800 -298
-6268 3415
-4987 4824
-3905 -8089
376 -3107
6909 5501
4118 -2046
69 6684
3528 9263
4807 7481
-1076 3478
3881 1653
-5217 9996
2700 5584
9264 7355
-7900 -7144
5096 9011
-4305 -7673
21 -6561
5090 5590
-6060 -4423
-2146 2114
4858 -9844
-5221 -7179
910 3521
5910 -6565
1080 7724
9614 -512
-3629 -4264
-7625 1440
-8633 7477
8750 8953
1296 7613
-6071 5338
2285 -424
427 5852
-8178 5842
3738 6992
-1321 8769
7418 -8403
-2651 -9157
-3280 4376
7699 7188
1327 -6687
-5301 8410
-4329 204
968 2536
5155 -3488
970 1297
324 1302
-9217 2065
-1932 -3723
7957 -3394
-9949 5068
6458 -7686
5727 7965
-1852 5053
4887 8482
2310 5919
-4068 1943
-1415 -981
9140 8334
-5246 5879
-6296 2874
7175 1423
6132 5776
6026 3400
-7832 -5172
-4462 -227
8040 1721
-4259 -3129
-5624 7738
-1874 8654
9315 2385
-2892 3423
-9873 317
-5143 5683
-5533 -1785
5037 8519
3776 4348
-6082 2057
6090 -4043
976 6286
-8865 -7967
1573 6950
-956323 343232
815691 -466751
-968459 -849403
274850 -900398
436256 925904
-113569 -276550
-506857 438089
624837 15987
-995068 -871644
-744585 -957145
-409652 533530
936452 -682140
526455 -695152
736364 -369653
-461993 -903819
-830525 -384273
66722 762278
-522243 176312
163213 -455948
178736 -269571
499995 438983
-319094 131715
884880 171602
523363 422599
-650258 -814591
-516365 966167
-766820 -506249
-408563 -374814
-476151 24930
-632570 -304737
444717 179506
-712157 -307310
21497 -16091
-143342 166473
-902024 765169
-178766 205149
-69286 577806
-216803 485634
423205 751420
540964 -215633
-971382 943443
-999519 630511
-393579 844078
310792 262560
325014 -185943
324392 711392
439973 -510701
-309748 -106508
-491997 -782472
-531299 -729515
27149 3510
40713 -69082
96571 72938
27564 -45577
74868 83283
-98261 32333
-74041 -81770
-68399 -23857
88385 45792
-9028 88422
45958 -65848
74766 -92803
42469 38806
69459 -35150
-98818 37349
62672 48845
30617 19076
-46104 -57569
58283 87695
52576 -43879
-2208 -17763
-16633 -23605
-42719 2624
-35857 82554
-62151 -57252
-5428 82497
-86507 -82717
-37359 16663
54413 -24042
59148 -387
-62806 -61528
-72774 -29140
90405 99334
-80693 31590
49864 70949
-60410 7047
-8178 -34722
36348 -27902
40717 80019
91188 83995
-80220 28341
-80341 80776
17680 -67533
64071 62412
13531 88116
-14568 -91132
19378 4169
58965 53497
-91227 -3455
49612 -58129
-47534 -22066
6470 -91970
-89905 -11521
-14806 -50775
-58089 48280
-72401 -24716
86132 -83571
-45252 -13609
-19032 -10470
26203 -18255
-35604 -92137
42270 -40691
56556 59139
-31749 -54531
-2916 85048
73874 50116
-76286 1500
3679 -6458
-48239 -48520
42458 89890
-57597 30335
-71162 -24729
39885 91214
-12689 38877
74864 -55889
95214 87205
15727 -65453
25088 99396
34902 88956
-95590 78872
99379 -61526
66164 42528
96168 -73797
-2734 -47042
-9074 92497
-70903 -40581
-63686 -76984
-20370 -86197
-21101 -97512
-18012 8839
-88476 -89232
72264 -25652
-2377 -47275
-99571 -31192
8042 157
-18055 32384
65525 -52512
-59133 -34036
40404 79382
-5585 -62430
-31320 96492
42587 21648
-64171 -7866
19195 -80964
-62656 58638
-49729 -48027
-54616 -15946
11133 -90925
69744 -80159
39331 91962
3425 -95281
-86871 71059
90996 -45681
44756 -99827
-28279 -55264
60441 4126
-99517 81251
-36254 59050
-47108 -92359
-80475 -99558
-99650 79348
-48585 -53790
93599 -50016
8403 -71402
74292 12686
-56764 5174
53160 -7894
76889 66128
83239 -20645
78666 -36892
-77744 63193
21071 99968
-816 -98556
63619 -39996
-65876 -96874
19146 81982
53836 83811
-62289 17091
-20498 -99448
82564 -90514
42307 31285
-44924 4882
-95835 -96603
57422 -10465
11018 39114
56315 74086
-37086 -32257
91495 36444
-54064 -5940
-18570 7850
-8541 54886
-14776 -87559
22224 58171
66819 -37574
-23167 -11634
78832 32601
-20757 65647
-57500 75228
66755 -20050
-14529 19681
-92774 -39665
89048 20075
-63591 98248
-58856 -78883
-26371 1227
68885 6029
62806 -43416
-3704 56079
3324 88393
65753 -87852
84287 -55513
73061 53847
689 77737
-61225 -30175
-76536 -14001
23661 42318
89136 89091
-21881 21124
-30702 -42853
32609 93424
-56740 73258
-17551 26120
-66835 -23568
40633 4672
34538 30184
-13095 35731
93657 -56958
-91819 50530
65897 4770
49708 53366
-15659 -45553
-72623 -48211
17206 79439
-46246 52036
5009 -65239
-45599 61817
79796 91597
37846 60436
-87647 -70341
91549 32721
-981 41430
-40898 61158
-18271 52101
-37928 57511
-34775 -86604
-2995 -52070
-54140 -99578
-45005 -57496
-62471 -10572
-34386 29765
-57657 -73878
-99640 37113
84025 90390
-23215 66544
-8830 -77212
-55665 26266
40103 -98473
58991 89460
2887 94793
-10893 -82718
94739 75678
-47492 -50916
-40584 -77946
52963 -14093
5824 -74592
-61694 35639
58333 40450
87651 63168
90381 73814
52073 95171
63099 17464
-38843 49924
-84942 20829
55746 -84475
66462 -8127
-79405 -95234
-50101 53555
75739 -39359
8595 45858
85616 -29214
-85882 24795
14183 61692
57903 32189
-15679 81876
-710 14845
-44460 40402
-79804 94566
63934 98465
2901 -94808
-55569 41294
-29711 27206
20730 -45548
-43635 -10730
-68199 49536
-52422 -93572
43817 1738
-71988 55709
-14197 88028
-76410 -70770
34018 338
-86538 44533
-80495 64307
63537 -52140
83930 17793
-45813 -91305
-62942 18601
48756 -8160
-10824 -48216
-35692 27341
10142 60074
-86135 65321
91064 54060
41441 -63211
-38397 9945
74136 -72602
-19975 35538
86114 84648
-28529 18046
-72894 81243
-90978 -79435
-65107 -23
18781 35254
-38284 -93075
-93387 78186
-78413 35433
30018 -10315
32774 -5758
30222 -72030
45354 -90022
64938 44661
33949 -69219
-96509 -1919
-73333 -55731
70327 75503
-81711 65103
-40110 -43958
47626 -35715
52387 -9707
28691 -44782
75547 -75950
89542 77552
88059 93437
-49903 -61554
44522 38836
-47974 -74207
30825 -69737
-63983 -2888
76610 -6601
13634 29339
-96598 1553
-77457 -20388
10637 -44584
89613 38649
48679 -34012
70356 -54367
32579 -47356
73574 47705
-47047 -36957
90681 -15813
-54581 44934
-26641 -99682
-32818 -74450
-40925 40212
-14671 -830
38910 86431
47828 37758
-73760 92243
-95366 37202
71182 -92685
57511 -39333
-67962 47367
34425 18466
91193 52502
15435 -46928
56757 -12874
-51957 88755
81288 87539
79515 -23663
-34004 -74561
91880 58411
54124 91374
-42172 19952
21780 88316
-42758 -30600
31689 83330
-59097 67478
-4030 88944
-19465 -81852
-75603 16381
54631 -89299
-72220 -67228
-98326 63139
-29389 65675
70429 -6343
-23946 -52372
97753 -99015
42902 41070
-74524 -28358
-28762 -45248
-83398 -94068
-3401 -15365
-37014 84887
-71253 -23926
85061 43986
60335 -56276
-22533 -2257
93758 -39463
30836 86281
8626 -8350
-17550 -85518
55707 -91060
-77028 73682
91345 -72152
-80824 -8350
-79989 58148
-6534 92883
-74744 58218
86192 48312
-55457 56881
-74736 24574
80414 15223
-54479 -15639
-7300 -78511
41979 33577
49982 -43598
79699 58535
45276 89493
-5594 -51457
86459 -9635
-14320 89861
9132 89054
96536 -52675
-47347 44000
-12919 -10926
60108 -90560
-63630 -11360
46429 -68545
37331 -26008
47244 -46012
-94742 55081
-76378 -90765
-80262 80979
22513 -57140
-10327 95226
25964 95854
-34643 12398
95060 87964
-51682 -26111
68125 -12345
-3136 -45853
87440 44215
64016 -78073
-8135 -25842
-93773 -2347
-31117 -50908
99664 81847
19337 -25522
2183 -22300
-35033 -91624
-87146 -35080
-43745 -35527
-55322 20676
9716 -84476
92619 -25391
-14744 -10656
15201 -95917
-91821 -79757
-27153 -38516
8602 56651
83882 -49900
-23574 -79459
-89316 -33074
-4210 -25478
-34042 15517
21990 -75131
71689 -97622
14038 -70570
-78292 -18496
16324 -50897
95089 21307
-12777 3396
-6303 33336
35622 66170
-76352 96684
2579 1364
-79901 73154
-61964 10750
8997 -65752
-4832 56988
35190 -86513
75919 65156
-34880 57065
-79085 16256
-9449 19742
78071 46922
8601 -57848
75379 67924
24671 -29144
22214 -8150
-79827 35370
-38810 -45189
65072 -15459
68434 21482
52538 14079
-76794 34997
-53650 -47869
53712 -31823
-96972 78081
65856 -89120
96829 -44354
-1397 -41110
63933 45089
356 36566
12833 21425
45959 51183
30286 -29936
-19482 -69785
-60129 2383
6649 24633
-98689 -97606
-8996 81057
-49466 43805
38769 -11318
28552 3095
-71298 -15075
90669 -82110
24901 -62182
1829 44979
51807 46075
-44497 26193
19552 11415
-56998 52079
38576 78141
-21762 66523
-11808 32928
20833 56787
-97364 59769
-54738 -47809
-68226 86613
-1736 36487
-57638 -85851
-71721 41106
75951 29127
34232 -79187
80946 -19380
-82860 -60213
26871 -13107
50471 -55391
8856 3841
-51704 10195
13365 73978
-10986 -59735
-2448 58500
-90656 55909
-49070 85643
12956 -34618
-76949 -32956
-89236 24292
35299 32398
-24425 7347
-16216 79879
-57219 -46766
-97213 -92549
8677 -89817
-86569 -37652
61303 31879
-20373 95748
-19199 58737
-2805 -99388
-49329 11887
98303 99629
12690 30105
2355 -57904
34041 67069
-34508 3662
-38593 -27585
37177 -40086
-82809 -90342
2829 26478
37793 93417
9485 -46746
-35242 -91786
28124 -81757
77495 -5717
58239 1834
71432 93764
95158 33302
-36858 92025
78014 65090
61410 94241
-1797 21452
34659 -80413
51091 1997
72980 24920
41936 -93914
-79089 1862
96150 -86941
38639 -6199
-98349 -15943
24690 87846
-78963 -89210
14143 -74975
-86444 -79514
-19493 -93501
-22940 67942
-41132 59566
99374 67588
29695 -27794
-62317 15702
-2670 -17576
-47385 45261
30403 25911
-99267 -30621
-6105 -85937
66623 75305
78496 -9309
57170 27001
-47043 -35561
-72040 13208
24276 11107
-50863 -37863
-19949 85984
-52424 -53986
95060 -29390
6656 -43815
19909 71524
-68449 -81492
-23882 -25092
81836 -34301
61711 -86309
27700 38511
-44001 -44684
-51927 47678
23115 -98045
-6831 54641
-59680 -38992
-15731 97447
43634 -41452
-72255 31951
-73326 -22588
7723 32346
7028 -46922
24436 -42582
35968 -66780
11380 74254
85384 -1960
50371 -98131
6884 30366
-89473 89221
-20719 81613
47943 29935
10804 190
-52660 39025
20393 41682
34799 11389
-92715 94880
-23191 60456
15488 -53036
-52308 -49606
-55563 -74397
-32736 -21628
35090 58664
25166 -93220
-12335 38747
33791 44109
-45405 -79704
-6569 90576
78307 -15661
20439 -55888
-59660 -75641
106 2876
-7124 -41105
62222 -93161
-22062 77592
86899 68519
57095 -73637
97300 42483
14031 -50218
46248 -70372
80818 -78420
7782 -57100
-58181 -90194
-21856 -52838
22058 -13297
-97848 -67582
-55568 73688
-20129 85742
89071 44368
61108 -6700
21054 21928
68420 22929
-72679 81975
10546 5482
64325 90949
45160 52337
47245 58666
-87777 -47916
-79439 -17137
-90263 19598
95053 -37414
21173 -85353
90311 -80841
54049 47285
87423 -9146
41358 6669
-37094 -32403
30283 46364
-55521 21461
-56325 74540
-96726 -91300
-4003 -33316
16145 3220
96187 15358
-61985 -72149
42251 -66219
27479 -38014
27990 35724
18655 93765
88965 -30566
31563 -71475
-46333 -33512
-44136 -31673
-60690 83281
62739 13116
-77024 93704
66888 70862
-27870 -80602
-88597 43457
-14228 -62331
67388 -7317
-19038 -21021
-79213 -91085
-34858 75169
32556 93038
-47985 -28175
75288 -52340
-50194 -32414
-4278 -8032
-77536 -63554
73851 -18165
-88774 -68396
-12412 -25081
80110 -20486
-68252 -54607
89585 28517
56044 -30159
33103 -17082
43059 94703
-4185 -66680
16543 60132
15031 -66738
91325 82643
-15445 26728
68564 67686
-95010 74299
-52380 -79748
-67279 92657
-78517 -30314
84176 -95411
-66062 31423
89919 -6800
-54872 99575
-63633 -78883
-85148 -78290
21163 88626
-26181 -64869
-56768 6287
-86617 -67327
40155 16244
-19916 -73346
-45534 93205
-40742 -32945
-85607 98780
99853 10142
63696 -11726
99647 27811
11352 -94616
35056 86736
31934 83946
-40736 -33769
-88957 -24847
40405 8538
95400 43494
14807 51075
-96643 90226
50757 27040
26419 31299
-94678 -59052
17755 -26455
84178 -91300
-69902 72064
-8331 -3011
38924 28652
48881 16046
33750 -56001
34113 89757
50996 -22923
-21628 24936
95284 -78499
24424 53
25419 -1259
-30914 18651
-91503 11234
42531 3366
-14541 -59863
-57416 53319
-36386 66532
36924 -45544
39791 18577
-1238 5134
49731 -78514
-1561 13529
98690 -37733
-93420 -52941
32625 95104
-82078 -84061
-36053 -78184
60703 -30595
-26771 87931
61350 66291
3853 -99230
73844 -12454
-48725 23594
-9864 -66643
46302 -29634
96989 -5190
80451 57890
-16808 52719
79005 84252
6078 -82039
4252 83603
-1365 82466
13448 -46956
26476 -73603
-21510 25606
98784 -12740
53953 55389
-29632 -75703
-8990 -62953
19101 -35148
64438 -80951
17082 -65067
-85570 57609
66971 -23979
62495 39155
25941 91835
26156 71990
11406 -62337
73257 -75463
48600 81022
66836 85523
-86852 94129
-15678 37590
23123 -76443
44631 71278
78686 42804
-16125 75622
15551 -82852
49462 -92797
7211 -15214
-51525 -67585
-22456 -22181
-60753 16969
92921 20235
-60116 -33744
-6539 5688
95272 67507
73115 79442
95466 55852
9846 -11923
91540 -37499
71218 73322
12273 -85652
-9162 50697
-64049 -35810
27442 98103
-15394 13298
82638 11622
-63976 28010
-3153 -65389
85792 92070
46343 17201
45458 -3752
25357 95566
96987 -81779
76414 24328
16615 -78678
-56106 86923
94957 34786
-88128 31978
23779 -58481
56959 39187
82763 46460
-80438 -7778
85545 -40569
-5648 41462
41123 56150
78472 -17353
13016 12375
-70550 75496
53880 -28799
-93740 -9603
31913 -52669
-69558 -76485
-91323 73953
-67009 -78041
5578 57715
57949 23652
79758 -54285
54241 36593
-2808 70962
27476 19074
-64295 127
81248 21449
-77366 -56244
36221 -90340
-34139 93707
25196 22893
52955 294
-74094 75303
21839 -57451
86416 67720
5302 -56256
30929 -61448
27076 -36749
60211 -69519
-85504 -51661
44634 22494
-57465 78657
55734 -67111
2681 26382
87152 34513
60346 22088
-95527 -97049
99394 -85661
48795 -21984
45739 -52793
47692 48833
45300 -21084
13755 -33600
4927 -37093
-87731 -76249
54410 37687
-33139 -77955
8716 -60928
35183 76725
-64727 -47004
841 82663
56892 95321
77702 -70109
72390 56927
-92411 -90417
48093 77244
-30015 9371
23055 -63635
93004 -36173
95180 18984
90620 64777
445 70999
-1537 -62810
-50523 65152
-36974 -7392
4253 79077
55510 42183
79424 -4066
-46373 98752
-85608 -6507
79090 27180
34866 -14963
33263 -11027
49728 -78948
32974 83634
33373 52025
24667 -95055
31568 95329
12675 -87704
-16728 -75246
59263 -16126
92118 1277
88184 18058
-49316 53438
3413 75173
70848 12803
-54098 -261
-84603 43653
54983 58094
28454 38259
-33708 -64242
-99410 -88603
48729 95237
67953 -2511
-47262 -21718
8257 43804
88112 -46036
-53172 33799
-53489 -69619
90564 73853
53943 50480
7071 67380
14385 -90072
-66206 -64146
76160 15766
-72257 -14746
62228 -10264
6248 36850
58448 -66273
-29666 25088
29029 -69063
-46231 56058
-60406 21469
84932 88402
10350 49966
25893 -33454
20957 33560
18690 13
37898 -7111
73039 -60811
-76591 -35730
64760 47740
-24164 -25273
33564 -85381
72253 62654
-62188 16906
146 -18501
99001 72594
-75738 17832
-13750 -11644
-26094 66780
-57462 -25700
-23085 -73807
-74292 28083
60779 -85840
-43480 7091
33446 59036
-99579 -91431
19253 -84261
97060 -26151
21928 -61756
-32168 5521
-54381 88469
